Time Stamp	Battery Volts	Batt Amps	Motor Command	Motor Power	Motor Amps	MCU Temp	Heatsink Temp	Track
12/3/2016 10:21:05 PM	51.3	0	0	0	0	1	3	0
12/3/2016 10:21:05 PM	51.3	0	0	0	0	1	3	0
12/3/2016 10:21:05 PM	51.3	0	0	0	0	1	3	0
12/3/2016 10:21:05 PM	51.3	0	0	0	0	1	3	0
12/3/2016 10:21:05 PM	51.2	0	0	0	0	1	3	0
12/3/2016 10:21:05 PM	51.3	0	0	0	0	1	3	0
12/3/2016 10:21:05 PM	51.3	0	0	0	0	1	3	0
12/3/2016 10:21:05 PM	51.3	0	0	0	0	1	3	0
12/3/2016 10:21:06 PM	51.3	0	0	0	0	1	3	0
12/3/2016 10:21:06 PM	51.3	0	0	0	0	1	3	0
12/3/2016 10:21:06 PM	51.3	0	0	0	0	1	3	0
12/3/2016 10:21:06 PM	51.3	0	0	0	0	1	3	0
12/3/2016 10:21:06 PM	51.3	0	0	0	0	1	3	0
12/3/2016 10:21:06 PM	51.3	0	0	0	0	1	3	0
12/3/2016 10:21:06 PM	51.3	0	0	0	0	1	3	0
12/3/2016 10:21:06 PM	51.3	0	0	0	0	1	3	0
12/3/2016 10:21:07 PM	51.3	0	0	0	0	1	3	0
12/3/2016 10:21:07 PM	51.3	0	0	0	0	1	3	0
12/3/2016 10:21:07 PM	51.3	0	0	0	0	1	3	0
12/3/2016 10:21:07 PM	51.3	0	0	0	0	1	3	0
12/3/2016 10:21:07 PM	51.3	0	0	0	0	1	3	0
12/3/2016 10:21:07 PM	51.3	0	0	0	0	1	3	0
12/3/2016 10:21:07 PM	51.2	0	0	0	0	1	3	0
12/3/2016 10:21:08 PM	51.3	0	0	0	0	1	3	0
12/3/2016 10:21:08 PM	51.3	0	0	0	0	1	3	0
12/3/2016 10:21:08 PM	51.3	0	0	0	0	1	3	0
12/3/2016 10:21:08 PM	51.3	0	0	0	0	1	3	0
12/3/2016 10:21:08 PM	51.3	0	0	0	0	1	3	0
12/3/2016 10:21:08 PM	51.3	0	0	0	0	1	3	0
12/3/2016 10:21:08 PM	51.3	0	0	0	0	1	3	0
12/3/2016 10:21:08 PM	51.3	0	0	0	0	1	3	0
12/3/2016 10:21:09 PM	51.3	0	0	0	0	1	3	0
12/3/2016 10:21:09 PM	51.2	0	0	0	0	1	3	0
12/3/2016 10:21:09 PM	51.3	0	0	0	0	1	3	0
12/3/2016 10:21:09 PM	51.3	0	0	0	0	1	3	0
12/3/2016 10:21:09 PM	51.3	0	0	0	0	1	3	0
12/3/2016 10:21:09 PM	51.3	0	0	0	0	1	3	0
12/3/2016 10:21:09 PM	51.3	0	0	0	0	1	3	0
12/3/2016 10:21:09 PM	51.3	0	0	0	0	1	3	0
12/3/2016 10:21:10 PM	51.3	0	0	0	0	1	3	0
12/3/2016 10:21:10 PM	51.3	0	0	0	0	1	3	0
12/3/2016 10:21:10 PM	51.3	0	0	0	0	1	3	0
12/3/2016 10:21:10 PM	51.3	0	0	0	0	1	3	0
12/3/2016 10:21:10 PM	51.3	0	0	0	0	1	3	0
12/3/2016 10:21:10 PM	51.3	0	0	0	0	1	3	0
12/3/2016 10:21:10 PM	51.3	0	0	0	0	1	3	0
12/3/2016 10:21:11 PM	51.3	0	0	0	0	1	3	0
12/3/2016 10:21:11 PM	51.3	0	0	0	0	1	3	0
12/3/2016 10:21:11 PM	51.3	0	0	0	0	1	3	0
12/3/2016 10:21:11 PM	51.3	0	0	0	0	1	3	0
12/3/2016 10:21:11 PM	51.3	0	0	0	0	1	3	0
12/3/2016 10:21:11 PM	51.3	0	0	0	0	1	3	0
12/3/2016 10:21:11 PM	51.3	0	0	0	0	1	3	0
12/3/2016 10:21:11 PM	51.3	0	0	0	0	1	3	0
12/3/2016 10:21:12 PM	51.3	0	0	0	0	1	3	0
12/3/2016 10:21:12 PM	51.3	0	0	0	0	0	3	0
12/3/2016 10:21:12 PM	51.3	0	0	0	0	1	3	0
12/3/2016 10:21:12 PM	51.3	0	0	0	0	1	3	0
12/3/2016 10:21:12 PM	51.3	0	0	0	0	1	3	0
12/3/2016 10:21:12 PM	51.3	0	0	0	0	1	3	0
12/3/2016 10:21:12 PM	51.3	0	0	0	0	1	3	0
12/3/2016 10:21:12 PM	51.3	0	0	0	0	1	3	0
12/3/2016 10:21:13 PM	51.3	0	0	0	0	1	3	0
12/3/2016 10:21:13 PM	51.3	0	0	0	0	1	3	0
12/3/2016 10:21:13 PM	51.3	0	0	0	0	1	3	0
12/3/2016 10:21:13 PM	51.3	0	0	0	0	1	3	0
12/3/2016 10:21:13 PM	51.3	0	0	0	0	1	3	0
12/3/2016 10:21:13 PM	51.3	0	0	0	0	0	3	0
12/3/2016 10:21:13 PM	51.3	0	0	0	0	1	3	0
12/3/2016 10:21:13 PM	51.3	0	0	0	0	1	3	0
12/3/2016 10:21:14 PM	51.3	0	0	0	0	1	3	0
12/3/2016 10:21:14 PM	51.3	0	0	0	0	1	3	0
12/3/2016 10:21:14 PM	51.3	0	0	0	0	1	3	0
12/3/2016 10:21:14 PM	51.3	0	0	0	0	1	3	0
12/3/2016 10:21:14 PM	51.3	0	0	0	0	1	3	0
12/3/2016 10:21:14 PM	51.3	0	0	0	0	1	3	0
12/3/2016 10:21:14 PM	51.3	0	0	0	0	1	3	0
12/3/2016 10:21:15 PM	51.3	0	0	0	0	1	3	0
12/3/2016 10:21:15 PM	51.3	0	0	0	0	1	3	0
12/3/2016 10:21:15 PM	51.3	0	0	0	0	1	3	0
12/3/2016 10:21:15 PM	51.3	0	0	0	0	1	3	0
12/3/2016 10:21:15 PM	51.3	0	0	0	0	1	3	0
12/3/2016 10:21:15 PM	51.3	0	0	0	0	1	3	0
12/3/2016 10:21:15 PM	51.3	0	0	0	0	1	3	0
12/3/2016 10:21:15 PM	51.3	0	0	0	0	1	3	0
12/3/2016 10:21:16 PM	51.3	0	0	0	0	1	3	0
12/3/2016 10:21:16 PM	51.3	0	0	0	0	1	3	0
12/3/2016 10:21:16 PM	51.2	0	0	0	0	1	3	0
12/3/2016 10:21:16 PM	51.3	0	0	0	0	1	3	0
12/3/2016 10:21:16 PM	51.2	0	0	0	0	1	3	0
12/3/2016 10:21:16 PM	51.3	0	0	0	0	1	3	0
12/3/2016 10:21:16 PM	51.3	0	0	0	0	1	3	0
12/3/2016 10:21:16 PM	51.3	0	0	0	0	1	3	0
12/3/2016 10:21:17 PM	51.3	0	0	0	0	1	3	0
12/3/2016 10:21:17 PM	51.3	0	0	0	0	1	3	0
12/3/2016 10:21:17 PM	51.3	0	0	0	0	1	3	0
12/3/2016 10:21:17 PM	51.3	0	0	0	0	1	3	0
12/3/2016 10:21:17 PM	51.3	0	0	0	0	0	3	0
12/3/2016 10:21:17 PM	51.3	0	0	0	0	1	3	0
12/3/2016 10:21:17 PM	51.2	0	0	0	0	1	3	0
12/3/2016 10:21:18 PM	51.3	0	0	0	0	1	3	0
12/3/2016 10:21:18 PM	51.2	0	0	0	0	1	3	0
12/3/2016 10:21:18 PM	51.3	0	0	0	0	1	3	0
12/3/2016 10:21:18 PM	51.3	0	0	0	0	0	3	0
12/3/2016 10:21:18 PM	51.3	0	0	0	0	0	3	0
12/3/2016 10:21:18 PM	51.3	0	0	0	0	1	3	0
12/3/2016 10:21:18 PM	51.3	0	0	0	0	1	3	0
12/3/2016 10:21:18 PM	51.3	0	0	0	0	0	3	0
12/3/2016 10:21:19 PM	51.3	0	0	0	0	0	3	0
12/3/2016 10:21:19 PM	51.3	0	0	0	0	0	3	0
12/3/2016 10:21:19 PM	51.3	0	0	0	0	1	3	0
12/3/2016 10:21:19 PM	51.3	0	0	0	0	1	3	0
12/3/2016 10:21:19 PM	51.3	0	0	0	0	1	3	0
12/3/2016 10:21:19 PM	51.3	0	0	0	0	1	3	0
12/3/2016 10:21:19 PM	51.3	0	0	0	0	1	3	0
12/3/2016 10:21:19 PM	51.3	0	0	0	0	1	3	0
12/3/2016 10:21:20 PM	51.3	0	0	0	0	1	3	0
12/3/2016 10:21:20 PM	51.3	0	0	0	0	1	3	0
12/3/2016 10:21:20 PM	51.3	0	0	0	0	1	3	0
12/3/2016 10:21:20 PM	51.3	0	0	0	0	0	3	0
12/3/2016 10:21:20 PM	51.3	0	0	0	0	1	3	0
12/3/2016 10:21:20 PM	51.3	0	0	0	0	1	3	0
12/3/2016 10:21:20 PM	51.3	0	0	0	0	1	3	0
12/3/2016 10:21:21 PM	51.3	0	0	0	0	1	3	0
12/3/2016 10:21:21 PM	51.3	0	0	0	0	0	3	0
12/3/2016 10:21:21 PM	51.3	0	0	0	0	1	3	0
12/3/2016 10:21:21 PM	51.3	0	0	0	0	1	3	0
12/3/2016 10:21:21 PM	51.3	0	0	0	0	1	3	0
12/3/2016 10:21:21 PM	51.2	0	0	0	0	1	3	0
12/3/2016 10:21:21 PM	51.3	0	0	0	0	1	3	0
12/3/2016 10:21:21 PM	51.3	0	0	0	0	1	3	0
12/3/2016 10:21:22 PM	51.3	0	0	0	0	1	3	0
12/3/2016 10:21:22 PM	51.3	0	0	0	0	1	3	0
12/3/2016 10:21:22 PM	51.3	0	0	0	0	1	3	0
12/3/2016 10:21:22 PM	51.3	0	0	0	0	1	3	0
12/3/2016 10:21:22 PM	51.3	0	0	0	0	1	3	0
12/3/2016 10:21:22 PM	51.3	0	0	0	0	1	3	0
12/3/2016 10:21:22 PM	51.3	0	0	0	0	0	3	0
12/3/2016 10:21:22 PM	51.3	0	0	0	0	1	3	0
12/3/2016 10:21:23 PM	51.3	0	0	0	0	1	3	0
12/3/2016 10:21:23 PM	51.3	0	0	0	0	1	3	0
12/3/2016 10:21:23 PM	51.3	0	0	0	0	1	3	0
12/3/2016 10:21:23 PM	51.3	0	0	0	0	1	3	0
12/3/2016 10:21:23 PM	51.3	0	0	0	0	1	3	0
12/3/2016 10:21:23 PM	51.3	0	0	0	0	1	3	0
12/3/2016 10:21:23 PM	51.3	0	0	0	0	1	3	0
12/3/2016 10:21:24 PM	51.3	0	0	0	0	1	3	0
12/3/2016 10:21:24 PM	51.3	0	0	0	0	1	3	0
12/3/2016 10:21:24 PM	51.3	0	0	0	0	1	3	0
12/3/2016 10:21:24 PM	51.3	0	0	0	0	1	3	0
12/3/2016 10:21:24 PM	51.3	0	0	0	0	1	3	0
12/3/2016 10:21:24 PM	51.3	0	0	0	0	1	3	0
12/3/2016 10:21:24 PM	51.3	0	0	0	0	1	3	0
12/3/2016 10:21:24 PM	51.3	0	0	0	0	1	3	0
12/3/2016 10:21:25 PM	51.3	0	0	0	0	1	3	0
12/3/2016 10:21:25 PM	51.3	0	0	0	0	1	3	0
12/3/2016 10:21:25 PM	51.3	0	0	0	0	1	3	0
12/3/2016 10:21:25 PM	51.3	0	0	0	0	1	3	0
12/3/2016 10:21:25 PM	51.3	0	0	0	0	1	3	0
12/3/2016 10:21:25 PM	51.3	0	0	0	0	1	3	0
12/3/2016 10:21:25 PM	51.3	0	0	0	0	1	3	0
12/3/2016 10:21:25 PM	51.3	0	0	0	0	1	3	0
12/3/2016 10:21:26 PM	51.3	0	0	0	0	1	3	0
12/3/2016 10:21:26 PM	51.3	0	0	0	0	1	3	0
12/3/2016 10:21:26 PM	51.3	0	0	0	0	1	3	0
12/3/2016 10:21:26 PM	51.3	0	0	0	0	0	3	0
12/3/2016 10:21:26 PM	51.3	0	0	0	0	1	3	0
12/3/2016 10:21:26 PM	51.3	0	0	0	0	1	3	0
12/3/2016 10:21:26 PM	51.3	0	0	0	0	1	3	0
12/3/2016 10:21:26 PM	51.3	0	0	0	0	1	3	0
12/3/2016 10:21:27 PM	51.3	0	0	0	0	1	3	0
12/3/2016 10:21:27 PM	51.3	0	0	0	0	1	3	0
12/3/2016 10:21:27 PM	51.3	0	0	0	0	1	3	0
12/3/2016 10:21:27 PM	51.3	0	0	0	0	1	3	0
12/3/2016 10:21:27 PM	51.3	0	0	0	0	1	3	0
12/3/2016 10:21:27 PM	51.3	0	0	0	0	1	3	0
12/3/2016 10:21:27 PM	51.3	0	0	0	0	1	3	0
12/3/2016 10:21:28 PM	51.3	0	0	0	0	1	3	0
12/3/2016 10:21:28 PM	51.3	0	0	0	0	0	3	0
12/3/2016 10:21:28 PM	51.3	0	0	0	0	1	3	0
12/3/2016 10:21:28 PM	51.3	0	0	0	0	1	3	0
12/3/2016 10:21:28 PM	51.3	0	0	0	0	1	3	0
12/3/2016 10:21:28 PM	51.3	0	0	0	0	1	3	0
12/3/2016 10:21:28 PM	51.3	0	0	0	0	1	3	0
12/3/2016 10:21:28 PM	51.3	0	0	0	0	1	3	0
12/3/2016 10:21:29 PM	51.3	0	0	0	0	1	3	0
12/3/2016 10:21:29 PM	51.3	0	0	0	0	0	3	0
12/3/2016 10:21:29 PM	51.3	0	0	0	0	1	3	0
12/3/2016 10:21:29 PM	51.3	0	0	0	0	0	3	0
12/3/2016 10:21:29 PM	51.3	0	0	0	0	1	3	0
12/3/2016 10:21:29 PM	51.3	0	0	0	0	0	3	0
12/3/2016 10:21:29 PM	51.3	0	0	0	0	1	3	0
12/3/2016 10:21:29 PM	51.3	0	0	0	0	1	3	0
12/3/2016 10:21:30 PM	51.3	0	0	0	0	1	3	0
12/3/2016 10:21:30 PM	51.3	0	0	0	0	1	3	0
12/3/2016 10:21:30 PM	51.3	0	0	0	0	1	3	0
12/3/2016 10:21:30 PM	51.3	0	0	0	0	1	3	0
12/3/2016 10:21:30 PM	51.3	0	0	0	0	1	3	0
12/3/2016 10:21:30 PM	51.3	0	0	0	0	1	3	0
12/3/2016 10:21:30 PM	51.3	0	0	0	0	1	3	0
12/3/2016 10:21:31 PM	51.3	0	0	0	0	1	3	0
12/3/2016 10:21:31 PM	51.3	0	0	0	0	1	3	0
12/3/2016 10:21:31 PM	51.3	0	0	0	0	1	3	0
12/3/2016 10:21:31 PM	51.3	0	0	0	0	1	3	0
12/3/2016 10:21:31 PM	51.2	0	0	0	0	1	3	0
12/3/2016 10:21:31 PM	51.3	0	0	0	0	1	3	0
12/3/2016 10:21:31 PM	51.3	0	0	0	0	1	3	0
12/3/2016 10:21:31 PM	51.3	0	0	0	0	1	3	0
12/3/2016 10:21:32 PM	51.3	0	0	0	0	1	3	0
12/3/2016 10:21:32 PM	51.3	0	0	0	0	1	3	0
12/3/2016 10:21:32 PM	51.3	0	0	0	0	0	3	0
12/3/2016 10:21:32 PM	51.3	0	0	0	0	1	3	0
12/3/2016 10:21:32 PM	51.2	0	0	0	0	1	3	0
12/3/2016 10:21:32 PM	51.3	0	0	0	0	1	3	0
12/3/2016 10:21:32 PM	51.3	0	0	0	0	1	3	0
12/3/2016 10:21:32 PM	51.3	0	0	0	0	0	3	0
12/3/2016 10:21:33 PM	51.3	0	0	0	0	1	3	0
12/3/2016 10:21:33 PM	51.3	0	0	0	0	0	3	0
12/3/2016 10:21:33 PM	51.3	0	0	0	0	1	3	0
12/3/2016 10:21:33 PM	51.3	0	0	0	0	0	3	0
12/3/2016 10:21:33 PM	51.3	0	0	0	0	1	3	0
12/3/2016 10:21:33 PM	51.3	0	0	0	0	1	3	0
12/3/2016 10:21:33 PM	51.3	0	0	0	0	1	3	0
12/3/2016 10:21:34 PM	51.3	0	0	0	0	1	3	0
12/3/2016 10:21:34 PM	51.3	0	0	0	0	1	3	0
12/3/2016 10:21:34 PM	51.3	0	0	0	0	0	3	0
12/3/2016 10:21:34 PM	51.3	0	0	0	0	1	3	0
12/3/2016 10:21:34 PM	51.3	0	0	0	0	0	3	0
12/3/2016 10:21:34 PM	51.3	0	0	0	0	1	3	0
12/3/2016 10:21:34 PM	51.3	0	0	0	0	1	3	0
12/3/2016 10:21:34 PM	51.3	0	0	0	0	1	3	0
12/3/2016 10:21:35 PM	51.3	0	0	0	0	1	3	0
12/3/2016 10:21:35 PM	51.3	0	0	0	0	1	3	0
12/3/2016 10:21:35 PM	51.3	0	0	0	0	1	3	0
12/3/2016 10:21:35 PM	51.3	0	0	0	0	1	3	0
12/3/2016 10:21:35 PM	51.3	0	0	0	0	1	3	0
12/3/2016 10:21:35 PM	51.3	0	0	0	0	0	3	0
12/3/2016 10:21:35 PM	51.3	0	0	0	0	1	3	0
12/3/2016 10:21:35 PM	51.3	0	0	0	0	1	3	0
12/3/2016 10:21:36 PM	51.3	0	0	0	0	1	3	0
12/3/2016 10:21:36 PM	51.3	0	0	0	0	1	3	0
12/3/2016 10:21:36 PM	51.3	0	0	0	0	1	3	0
12/3/2016 10:21:36 PM	51.3	0	0	0	0	1	3	0
12/3/2016 10:21:36 PM	51.3	0	0	0	0	1	3	0
12/3/2016 10:21:36 PM	51.3	0	0	0	0	1	3	0
12/3/2016 10:21:36 PM	51.3	0	0	0	0	1	3	0
12/3/2016 10:21:37 PM	51.3	0	0	0	0	1	3	0
12/3/2016 10:21:37 PM	51.3	0	0	0	0	1	3	0
12/3/2016 10:21:37 PM	51.3	0	0	0	0	0	3	0
12/3/2016 10:21:37 PM	51.3	0	0	0	0	1	3	0
12/3/2016 10:21:37 PM	51.3	0	0	0	0	1	3	0
12/3/2016 10:21:37 PM	51.3	0	0	0	0	1	3	0
12/3/2016 10:21:37 PM	51.3	0	0	0	0	1	3	0
12/3/2016 10:21:37 PM	51.3	0	0	0	0	0	3	0
12/3/2016 10:21:38 PM	51.3	0	0	0	0	1	3	0
12/3/2016 10:21:38 PM	51.3	0	0	0	0	1	3	0
12/3/2016 10:21:38 PM	51.3	0	0	0	0	1	3	0
12/3/2016 10:21:38 PM	51.3	0	0	0	0	0	3	0
12/3/2016 10:21:38 PM	51.3	0	0	0	0	1	3	0
12/3/2016 10:21:38 PM	51.3	0	0	0	0	1	3	0
12/3/2016 10:21:38 PM	51.3	0	0	0	0	1	3	0
12/3/2016 10:21:38 PM	51.3	0	0	0	0	1	3	0
12/3/2016 10:21:39 PM	51.3	0	0	0	0	1	3	0
12/3/2016 10:21:39 PM	51.3	0	0	0	0	1	3	0
12/3/2016 10:21:39 PM	51.3	0	0	0	0	1	3	0
12/3/2016 10:21:39 PM	51.3	0	0	0	0	0	3	0
12/3/2016 10:21:39 PM	51.3	0	0	0	0	1	3	0
12/3/2016 10:21:39 PM	51.3	0	0	0	0	1	3	0
12/3/2016 10:21:39 PM	51.3	0	0	0	0	1	3	0
12/3/2016 10:21:40 PM	51.3	0	0	0	0	1	3	0
12/3/2016 10:21:40 PM	51.3	0	0	0	0	1	3	0
12/3/2016 10:21:40 PM	51.3	0	0	0	0	0	3	0
12/3/2016 10:21:40 PM	51.3	0	0	0	0	1	3	0
12/3/2016 10:21:40 PM	51.3	0	0	0	0	1	3	0
12/3/2016 10:21:40 PM	51.3	0	0	0	0	1	3	0
12/3/2016 10:21:40 PM	51.3	0	0	0	0	1	3	0
12/3/2016 10:21:40 PM	51.3	0	0	0	0	1	3	0
12/3/2016 10:21:41 PM	51.3	0	0	0	0	1	3	0
12/3/2016 10:21:41 PM	51.3	0	0	0	0	1	3	0
12/3/2016 10:21:41 PM	51.3	0	0	0	0	1	3	0
12/3/2016 10:21:41 PM	51.3	0	0	0	0	1	3	0
12/3/2016 10:21:41 PM	51.3	0	0	0	0	0	3	0
12/3/2016 10:21:41 PM	51.3	0	0	0	0	1	3	0
12/3/2016 10:21:41 PM	51.3	0	0	0	0	1	3	0
12/3/2016 10:21:41 PM	51.2	0	0	0	0	0	3	0
12/3/2016 10:21:42 PM	51.3	0	0	0	0	1	3	0
12/3/2016 10:21:42 PM	51.3	0	0	0	0	0	3	0
12/3/2016 10:21:42 PM	51.3	0	0	0	0	1	3	0
12/3/2016 10:21:42 PM	51.3	0	0	0	0	1	3	0
12/3/2016 10:21:42 PM	51.3	0	0	0	0	0	3	0
12/3/2016 10:21:42 PM	51.3	0	0	0	0	0	3	0
12/3/2016 10:21:42 PM	51.3	0	0	0	0	1	3	0
12/3/2016 10:21:43 PM	51.3	0	0	0	0	1	3	0
12/3/2016 10:21:43 PM	51.3	0	0	0	0	1	3	0
12/3/2016 10:21:43 PM	51.3	0	0	0	0	1	3	0
12/3/2016 10:21:43 PM	51.3	0	0	0	0	1	3	0
12/3/2016 10:21:43 PM	51.3	0	0	0	0	0	3	0
12/3/2016 10:21:43 PM	51.3	0	0	0	0	1	3	0
12/3/2016 10:21:43 PM	51.3	0	0	0	0	0	3	0
12/3/2016 10:21:43 PM	51.3	0	0	0	0	1	3	0
12/3/2016 10:21:44 PM	51.3	0	0	0	0	1	3	0
12/3/2016 10:21:44 PM	51.3	0	0	0	0	1	3	0
12/3/2016 10:21:44 PM	51.3	0	0	0	0	1	3	0
12/3/2016 10:21:44 PM	51.3	0	0	0	0	1	3	0
12/3/2016 10:21:44 PM	51.3	0	0	0	0	1	3	0
12/3/2016 10:21:44 PM	51.3	0	0	0	0	1	3	0
12/3/2016 10:21:44 PM	51.3	0	0	0	0	1	3	0
12/3/2016 10:21:44 PM	51.3	0	0	0	0	1	3	0
12/3/2016 10:21:45 PM	51.3	0	0	0	0	1	3	0
12/3/2016 10:21:45 PM	51.3	0	0	0	0	1	3	0
12/3/2016 10:21:45 PM	51.3	0	0	0	0	1	3	0
12/3/2016 10:21:45 PM	51.3	0	0	0	0	1	3	0
12/3/2016 10:21:45 PM	51.3	0	0	0	0	1	3	0
12/3/2016 10:21:45 PM	51.3	0	0	0	0	1	3	0
12/3/2016 10:21:45 PM	51.3	0	0	0	0	0	3	0
12/3/2016 10:21:45 PM	51.3	0	0	0	0	1	3	0
12/3/2016 10:21:46 PM	51.2	0	0	0	0	1	3	0
12/3/2016 10:21:46 PM	51.3	0	0	0	0	1	3	0
12/3/2016 10:21:46 PM	51.3	0	0	0	0	1	3	0
12/3/2016 10:21:46 PM	51.3	0	0	0	0	1	3	0
12/3/2016 10:21:46 PM	51.3	0	0	0	0	0	3	0
12/3/2016 10:21:46 PM	51.3	0	0	0	0	1	3	0
12/3/2016 10:21:46 PM	51.3	0	0	0	0	1	3	0
12/3/2016 10:21:47 PM	51.3	0	0	0	0	1	3	0
12/3/2016 10:21:47 PM	51.3	0	0	0	0	1	3	0
12/3/2016 10:21:47 PM	51.3	0	0	0	0	1	3	0
12/3/2016 10:21:47 PM	51.3	0	0	0	0	1	3	0
12/3/2016 10:21:47 PM	51.3	0	0	0	0	1	3	0
12/3/2016 10:21:47 PM	51.3	0	0	0	0	0	3	0
12/3/2016 10:21:47 PM	51.3	0	0	0	0	1	3	0
12/3/2016 10:21:47 PM	51.3	0	70	16	2	1	3	0
12/3/2016 10:21:48 PM	51.2	0.2	70	34	-0.9	0	3	0
12/3/2016 10:21:48 PM	51.3	1	71	53	5	1	3	0
12/3/2016 10:21:48 PM	51.2	1	71	70	1	1	3	0
12/3/2016 10:21:48 PM	51	2.8	70	70	13	1	3	0
12/3/2016 10:21:48 PM	50.9	4.6	71	70	12	1	3	0
12/3/2016 10:21:48 PM	51	2	63	67	7	1	3	0
12/3/2016 10:21:48 PM	51.1	0.6	63	62	7	1	3	0
12/3/2016 10:21:48 PM	51.1	0.8	63	62	13	1	3	0
12/3/2016 10:21:49 PM	51.1	1.2	63	62	18	1	3	0
12/3/2016 10:21:49 PM	51	1.2	63	62	15	1	3	0
12/3/2016 10:21:49 PM	51	1.6	166	72	16	0	3	0
12/3/2016 10:21:49 PM	50.3	3.8	165	90	38	0	3	0
12/3/2016 10:21:49 PM	50.8	9.2	270	109	28	1	3	0
12/3/2016 10:21:49 PM	49.4	10.4	270	127	38	1	3	0
12/3/2016 10:21:49 PM	50.4	10.4	373	146	48	1	3	0
12/3/2016 10:21:50 PM	48.6	11.6	476	164	48	0	3	0
12/3/2016 10:21:50 PM	50.1	12.4	476	183	60	1	3	0
12/3/2016 10:21:50 PM	48.4	12.4	481	202	66	1	3	0
12/3/2016 10:21:50 PM	50.4	14	452	220	64.2	1	3	0
12/3/2016 10:21:50 PM	48.5	14.4	484	239	60.8	0	3	0
12/3/2016 10:21:50 PM	49.8	14.6	493	257	55	1	3	0
12/3/2016 10:21:50 PM	48.4	15.4	538	276	56.3	0	4	0
12/3/2016 10:21:50 PM	49.7	16.2	513	294	54.2	1	4	0
12/3/2016 10:21:51 PM	49.5	16.4	526	313	52.8	0	4	0
12/3/2016 10:21:51 PM	49.4	18	535	331	55.8	1	4	0
12/3/2016 10:21:51 PM	48.2	19	526	350	52.4	1	4	0
12/3/2016 10:21:51 PM	49.4	19.2	534	368	51.3	0	4	0
12/3/2016 10:21:51 PM	47.1	19.2	543	387	48.9	1	3	0
12/3/2016 10:21:51 PM	49.2	20.4	572	405	50.6	0	4	0
12/3/2016 10:21:51 PM	47.6	21.8	584	424	51.2	1	4	0
12/3/2016 10:21:51 PM	49.1	22.8	592	442	50.9	1	4	0
12/3/2016 10:21:52 PM	47.7	23	588	461	50.2	1	4	0
12/3/2016 10:21:52 PM	49.1	23.8	596	480	48.6	1	4	0
12/3/2016 10:21:52 PM	47.6	24.8	597	498	50.5	1	4	0
12/3/2016 10:21:52 PM	48.6	26.4	606	517	51.3	1	4	0
12/3/2016 10:21:52 PM	46.3	28.4	637	535	52.9	1	4	0
12/3/2016 10:21:52 PM	48.4	28.2	647	554	50	1	5	0
12/3/2016 10:21:52 PM	47	29.4	650	572	50.5	1	5	0
12/3/2016 10:21:53 PM	48.3	28.8	660	591	50.3	1	5	0
12/3/2016 10:21:53 PM	46.2	30.8	660	609	50.7	0	5	0
12/3/2016 10:21:53 PM	46.3	31.2	692	628	48.9	1	5	0
12/3/2016 10:21:53 PM	46.1	32.2	705	646	51.5	1	5	0
12/3/2016 10:21:53 PM	45.5	34.8	709	665	51.3	1	5	0
12/3/2016 10:21:53 PM	47	29.4	513	660	44	1	5	0
12/3/2016 10:21:53 PM	47.7	27.4	95	651	40.9	1	5	0
12/3/2016 10:21:53 PM	47.9	24.2	696	658	38.1	1	5	0
12/3/2016 10:21:54 PM	46.5	25.6	701	677	40.1	0	5	0
12/3/2016 10:21:54 PM	46.6	28.6	709	695	42.7	1	5	0
12/3/2016 10:21:54 PM	46.2	34	712	713	47.8	1	5	0
12/3/2016 10:21:54 PM	45.9	34.8	721	722	46.4	1	5	0
12/3/2016 10:21:54 PM	46.7	33	733	732	44.2	1	5	0
12/3/2016 10:21:54 PM	46.1	32.2	733	733	45.8	1	5	0
12/3/2016 10:21:54 PM	46.9	30.8	737	736	40.9	1	5	0
12/3/2016 10:21:54 PM	46.7	34	742	742	45.5	1	5	0
12/3/2016 10:21:55 PM	46.7	33	749	748	44	1	5	0
12/3/2016 10:21:55 PM	47.7	36.6	754	752	48.6	1	5	0
12/3/2016 10:21:55 PM	46.4	36.8	754	754	48.2	1	5	0
12/3/2016 10:21:55 PM	47.1	36.2	758	758	46.7	1	5	0
12/3/2016 10:21:55 PM	45.7	37.4	758	760	48.4	1	5	0
12/3/2016 10:21:55 PM	47.2	37.2	766	766	50.3	1	5	0
12/3/2016 10:21:55 PM	46.4	39.6	771	771	51	1	5	0
12/3/2016 10:21:56 PM	46.6	37.6	771	772	49.6	1	6	0
12/3/2016 10:21:56 PM	45.5	37.2	774	775	48.8	1	6	0
12/3/2016 10:21:56 PM	47.2	39.8	774	775	52.6	1	6	0
12/3/2016 10:21:56 PM	46.1	38	780	780	49.7	1	6	0
12/3/2016 10:21:56 PM	46.4	40.8	784	784	51.5	1	6	0
12/3/2016 10:21:56 PM	46.9	39.2	778	784	48.9	1	6	0
12/3/2016 10:21:56 PM	46.6	38.8	778	781	50.5	1	6	0
12/3/2016 10:21:56 PM	44.7	39	788	787	52.8	1	6	0
12/3/2016 10:21:57 PM	46.6	42	787	788	48.9	1	6	0
12/3/2016 10:21:57 PM	45.9	39.2	787	787	49	1	6	0
12/3/2016 10:21:57 PM	47.5	40.8	787	789	50.5	1	6	0
12/3/2016 10:21:57 PM	45.4	40.2	791	791	50	1	6	0
12/3/2016 10:21:57 PM	46.6	41.6	787	793	51.4	1	6	0
12/3/2016 10:21:57 PM	45	38.4	787	788	47.2	1	6	0
12/3/2016 10:21:57 PM	47.3	41	787	788	50.8	1	6	0
12/3/2016 10:21:57 PM	46.4	40.2	795	794	51.5	1	6	0
12/3/2016 10:21:58 PM	48.2	43.4	791	792	52.3	1	6	0
12/3/2016 10:21:58 PM	47.1	41.2	791	792	50.9	1	6	0
12/3/2016 10:21:58 PM	47.3	40.8	796	795	52.8	1	6	0
12/3/2016 10:21:58 PM	44.8	42.8	800	800	53.7	1	6	0
12/3/2016 10:21:58 PM	45.2	42.6	800	800	53.7	1	6	0
12/3/2016 10:21:58 PM	45.8	38.6	795	796	50	1	6	0
12/3/2016 10:21:58 PM	45.7	43.8	800	800	51.7	1	6	0
12/3/2016 10:21:59 PM	43.9	44.8	805	804	55.7	1	6	0
12/3/2016 10:21:59 PM	46.8	40.8	800	800	52.5	1	6	0
12/3/2016 10:21:59 PM	44.2	41.2	800	800	51.5	1	6	0
12/3/2016 10:21:59 PM	45.7	42.8	771	803	54.1	1	6	0
12/3/2016 10:21:59 PM	45.4	40.8	767	794	51.4	1	7	0
12/3/2016 10:21:59 PM	45.2	35.4	763	784	45.6	1	7	0
12/3/2016 10:21:59 PM	46.4	39.2	758	775	50	1	7	0
12/3/2016 10:21:59 PM	45.5	35	763	766	46	1	7	0
12/3/2016 10:22:00 PM	47	33.4	758	757	43.5	1	7	0
12/3/2016 10:22:00 PM	46.3	33.4	722	753	44.9	1	7	0
12/3/2016 10:22:00 PM	46.3	32.6	721	743	43.6	1	7	0
12/3/2016 10:22:00 PM	46.7	31.8	721	734	40.6	1	7	0
12/3/2016 10:22:00 PM	46.3	29.8	716	725	38.6	1	7	0
12/3/2016 10:22:00 PM	47.1	29.2	709	715	41.1	1	7	0
12/3/2016 10:22:00 PM	47.1	27.8	713	712	40.4	1	7	0
12/3/2016 10:22:00 PM	47.1	27.4	712	712	37.1	1	7	0
12/3/2016 10:22:01 PM	47.2	27	704	705	39.4	1	7	0
12/3/2016 10:22:01 PM	46.5	28	709	708	40.6	1	7	0
12/3/2016 10:22:01 PM	47.3	28.8	704	705	38.6	1	7	0
12/3/2016 10:22:01 PM	47	27.8	701	700	38.9	1	7	0
12/3/2016 10:22:01 PM	47.1	26.2	696	699	38.9	1	7	0
12/3/2016 10:22:01 PM	47.7	26.6	695	695	39.4	1	7	0
12/3/2016 10:22:01 PM	47.9	27.8	696	695	38.8	1	7	0
12/3/2016 10:22:01 PM	47.1	26.4	692	691	39.5	1	7	0
12/3/2016 10:22:02 PM	47.4	28	269	691	38.4	1	7	0
12/3/2016 10:22:02 PM	45.7	29.6	696	696	43.1	1	7	0
12/3/2016 10:22:02 PM	47.6	27	696	695	42	1	7	0
12/3/2016 10:22:02 PM	47	27.2	695	696	40.2	1	7	0
12/3/2016 10:22:02 PM	47.4	29	701	700	42.5	1	7	0
12/3/2016 10:22:02 PM	46.8	29.2	695	695	41.1	1	7	0
12/3/2016 10:22:02 PM	47.8	27.4	695	696	38.2	1	7	0
12/3/2016 10:22:03 PM	47	26.4	691	692	40.4	1	7	0
12/3/2016 10:22:03 PM	47.4	27.8	696	696	41.7	1	7	0
12/3/2016 10:22:03 PM	46.7	29.6	696	696	41.6	1	7	0
12/3/2016 10:22:03 PM	47.6	27.2	695	696	40	1	7	0
12/3/2016 10:22:03 PM	46.7	27.4	692	691	38.2	1	7	0
12/3/2016 10:22:03 PM	46.8	30	695	695	42.5	1	7	0
12/3/2016 10:22:03 PM	47.2	28.6	695	695	39.6	1	7	0
12/3/2016 10:22:03 PM	47.5	28	695	696	39.4	2	7	0
12/3/2016 10:22:04 PM	46.9	29.6	696	696	43.4	1	7	0
12/3/2016 10:22:04 PM	47.6	27.4	696	695	40.2	1	7	0
12/3/2016 10:22:04 PM	45.9	28.8	696	695	40.2	1	7	0
12/3/2016 10:22:04 PM	48.2	26.4	696	696	39.6	1	7	0
12/3/2016 10:22:04 PM	46.6	26.6	692	692	37.8	1	7	0
12/3/2016 10:22:04 PM	47.6	27.6	692	692	40.4	1	7	0
12/3/2016 10:22:04 PM	46.9	27.2	692	692	37.8	1	7	0
12/3/2016 10:22:04 PM	47.8	24.8	688	688	37.2	2	7	0
12/3/2016 10:22:05 PM	46.7	26.6	688	688	39.5	2	7	0
12/3/2016 10:22:05 PM	47.7	27.2	692	692	40.2	2	7	0
12/3/2016 10:22:05 PM	46.7	27.6	692	692	40.5	1	7	0
12/3/2016 10:22:05 PM	47.6	24.6	687	688	37.7	1	7	0
12/3/2016 10:22:05 PM	46.9	26.6	688	688	38.3	2	7	0
12/3/2016 10:22:05 PM	47.3	25.4	688	688	39.2	2	7	0
12/3/2016 10:22:05 PM	47	26.6	688	688	37.5	2	7	0
12/3/2016 10:22:06 PM	47	26	688	688	38.7	2	7	0
12/3/2016 10:22:06 PM	47.8	25.2	684	683	35.6	1	7	0
12/3/2016 10:22:06 PM	47.2	26.8	688	688	38	2	7	0
12/3/2016 10:22:06 PM	46.3	26.6	687	688	38	2	7	0
12/3/2016 10:22:06 PM	47.4	23.4	684	684	34.7	2	7	0
12/3/2016 10:22:06 PM	47.4	26	681	679	36.8	1	7	0
12/3/2016 10:22:06 PM	46.9	26.2	688	687	39.2	2	7	0
12/3/2016 10:22:06 PM	46.9	26.4	680	681	36.7	1	7	0
12/3/2016 10:22:07 PM	47.4	23	678	680	36.1	2	7	0
12/3/2016 10:22:07 PM	46.7	24.2	680	680	35.2	2	7	0
12/3/2016 10:22:07 PM	47.4	27.2	684	684	42.9	2	7	0
12/3/2016 10:22:07 PM	46.9	24.4	680	680	36.1	2	7	0
12/3/2016 10:22:07 PM	47.3	23.8	680	680	35.5	2	7	0
12/3/2016 10:22:07 PM	46.9	26.4	680	680	37.6	2	7	0
12/3/2016 10:22:07 PM	46.9	26.2	684	684	37.7	2	7	0
12/3/2016 10:22:07 PM	47.5	25.6	678	680	36.4	2	7	0
12/3/2016 10:22:08 PM	47.4	23.6	680	680	35.8	2	7	0
12/3/2016 10:22:08 PM	47.5	27	680	680	36.1	2	7	0
12/3/2016 10:22:08 PM	47.7	25.6	680	680	38.8	2	7	0
12/3/2016 10:22:08 PM	47.8	23	675	675	34.9	2	7	0
12/3/2016 10:22:08 PM	47	24.6	678	680	37.3	2	7	0
12/3/2016 10:22:08 PM	47.5	25	675	675	37.6	2	7	0
12/3/2016 10:22:08 PM	47.2	25	680	680	38.2	2	7	0
12/3/2016 10:22:09 PM	47.6	26.2	680	680	39.1	2	7	0
12/3/2016 10:22:09 PM	47.7	23.8	681	680	35.5	2	7	0
12/3/2016 10:22:09 PM	47.9	25.6	675	675	38.2	2	7	0
12/3/2016 10:22:09 PM	47.3	26.4	684	684	41.2	2	7	0
12/3/2016 10:22:09 PM	47.6	26	684	684	37.1	2	7	0
12/3/2016 10:22:09 PM	47.6	25.2	680	680	37.6	2	7	0
12/3/2016 10:22:09 PM	47.2	26.2	678	680	38.5	2	7	0
12/3/2016 10:22:09 PM	47.7	26.8	684	684	39.1	2	7	0
12/3/2016 10:22:10 PM	47.7	25.6	684	684	38	2	7	0
12/3/2016 10:22:10 PM	47.8	25.6	681	680	35.9	2	7	0
12/3/2016 10:22:10 PM	47.5	26.6	680	680	40	2	7	0
12/3/2016 10:22:10 PM	47	26.2	689	688	40.1	2	7	0
12/3/2016 10:22:10 PM	47.5	29	684	684	38.5	2	7	0
12/3/2016 10:22:10 PM	46.9	25.6	684	683	37.1	2	7	0
12/3/2016 10:22:10 PM	47.9	27	678	680	38.8	2	7	0
12/3/2016 10:22:10 PM	47.1	25	688	685	40.4	2	7	0
12/3/2016 10:22:11 PM	47.4	28.4	683	685	39.1	2	7	0
12/3/2016 10:22:11 PM	46.9	26.4	684	684	38.5	2	7	0
12/3/2016 10:22:11 PM	48.4	24.8	685	684	36.8	1	7	0
12/3/2016 10:22:11 PM	46.9	26.6	688	687	39	2	7	0
12/3/2016 10:22:11 PM	47.9	27.8	688	687	39.3	2	7	0
12/3/2016 10:22:11 PM	47.2	26.8	684	687	37.3	2	7	0
12/3/2016 10:22:11 PM	47.9	26.6	684	684	37.7	2	7	0
12/3/2016 10:22:12 PM	46.6	25.4	684	684	35.9	2	7	0
12/3/2016 10:22:12 PM	47.1	27.4	687	688	39.8	2	7	0
12/3/2016 10:22:12 PM	47.1	25	684	684	35.6	2	7	0
12/3/2016 10:22:12 PM	46.9	25.2	684	684	37.4	2	7	0
12/3/2016 10:22:12 PM	46.9	25.4	680	680	36.4	2	7	0
12/3/2016 10:22:12 PM	47.3	27	687	688	38.9	2	7	0
12/3/2016 10:22:12 PM	46.1	26.8	684	684	38	2	7	0
12/3/2016 10:22:12 PM	47.4	23.4	685	684	35.3	2	7	0
12/3/2016 10:22:13 PM	47.7	25.6	680	680	36.5	2	7	0
12/3/2016 10:22:13 PM	48	24.8	684	684	39.1	2	7	0
12/3/2016 10:22:13 PM	47.1	25.8	684	683	37.7	2	7	0
12/3/2016 10:22:13 PM	47.8	24.6	685	683	36	2	7	0
12/3/2016 10:22:13 PM	47.5	25	680	680	37.7	2	7	0
12/3/2016 10:22:13 PM	47.1	26.6	684	684	39.4	2	7	0
12/3/2016 10:22:13 PM	47	25.4	684	684	37.1	2	7	0
12/3/2016 10:22:13 PM	47.4	24.8	680	679	34.4	2	7	0
12/3/2016 10:22:14 PM	46.9	26.2	680	679	40.8	2	7	0
12/3/2016 10:22:14 PM	47.9	24.8	683	684	36.2	2	7	0
12/3/2016 10:22:14 PM	46.9	26.2	680	681	37.8	2	7	0
12/3/2016 10:22:14 PM	47.2	25.2	683	684	38.5	2	7	0
12/3/2016 10:22:14 PM	48.3	26.6	683	684	38.8	2	7	0
12/3/2016 10:22:14 PM	47.1	26.4	684	684	39.7	2	7	0
12/3/2016 10:22:14 PM	47.4	27	684	684	38.8	2	7	0
12/3/2016 10:22:15 PM	47.2	26.4	684	686	39.7	2	7	0
12/3/2016 10:22:15 PM	48	25.2	684	684	36.8	2	7	0
12/3/2016 10:22:15 PM	47	27.8	373	683	39.4	2	7	0
12/3/2016 10:22:15 PM	47.1	28	688	688	41.6	2	7	0
12/3/2016 10:22:15 PM	47.2	26.6	688	688	37.8	2	7	0
12/3/2016 10:22:15 PM	47.5	26.2	689	688	39.8	2	7	0
12/3/2016 10:22:15 PM	47.3	25.8	684	684	37.7	2	7	0
12/3/2016 10:22:15 PM	48.4	26.6	688	687	40.1	2	7	0
12/3/2016 10:22:16 PM	46.9	24.8	689	687	37.2	2	7	0
12/3/2016 10:22:16 PM	48	24.8	685	683	38.9	2	7	0
12/3/2016 10:22:16 PM	47.3	24.8	684	684	38.6	2	7	0
12/3/2016 10:22:16 PM	47.7	27.6	688	687	39.3	2	7	0
12/3/2016 10:22:16 PM	47.1	26.8	688	688	39.3	2	7	0
12/3/2016 10:22:16 PM	47.7	24.6	684	684	35.3	2	8	0
12/3/2016 10:22:16 PM	47	26	684	684	38.3	2	7	0
12/3/2016 10:22:16 PM	47.6	25.8	688	688	38.3	2	8	0
12/3/2016 10:22:17 PM	46.9	27.4	688	688	39.5	2	8	0
12/3/2016 10:22:17 PM	47.7	25.4	688	687	36.9	2	8	0
12/3/2016 10:22:17 PM	46	25.8	684	685	37.1	2	8	0
12/3/2016 10:22:17 PM	47.3	26.2	687	687	40.4	2	8	0
12/3/2016 10:22:17 PM	47	26.8	687	688	38	2	8	0
12/3/2016 10:22:17 PM	47.6	26.8	687	687	38.3	2	8	0
12/3/2016 10:22:17 PM	46.9	25.8	687	688	38	2	8	0
12/3/2016 10:22:17 PM	47.6	26.2	687	687	38	2	8	0
12/3/2016 10:22:18 PM	47.4	26.2	687	687	38	2	8	0
12/3/2016 10:22:18 PM	47.8	24.8	688	687	35.5	2	8	0
12/3/2016 10:22:18 PM	46.1	25.4	684	683	37.1	2	8	0
12/3/2016 10:22:18 PM	47.4	25.6	684	683	36.5	2	8	0
12/3/2016 10:22:18 PM	46.6	27.4	688	687	39.8	2	8	0
12/3/2016 10:22:18 PM	47	26.6	688	687	38.6	2	8	0
12/3/2016 10:22:18 PM	47	26.4	688	687	37.7	2	8	0
12/3/2016 10:22:19 PM	46.9	27.4	687	687	38.9	2	8	0
12/3/2016 10:22:19 PM	46.4	26.2	687	688	38.3	2	8	0
12/3/2016 10:22:19 PM	46.9	28.2	687	687	38.9	2	8	0
12/3/2016 10:22:19 PM	47.6	24.6	688	687	35.4	2	8	0
12/3/2016 10:22:19 PM	47.1	27.4	687	687	38.3	2	8	0
12/3/2016 10:22:19 PM	46.7	28	692	691	41.3	2	8	0
12/3/2016 10:22:19 PM	47.1	28.4	692	691	39.5	2	8	0
12/3/2016 10:22:19 PM	46.8	27.4	692	691	38.4	2	8	0
12/3/2016 10:22:20 PM	47.6	25.4	688	688	38	2	8	0
12/3/2016 10:22:20 PM	46.9	26.2	692	691	39.5	2	8	0
12/3/2016 10:22:20 PM	47.2	26.8	688	689	37.7	2	8	0
12/3/2016 10:22:20 PM	47.6	25.2	688	688	35.8	2	8	0
12/3/2016 10:22:20 PM	47.1	26.6	688	688	39.3	2	8	0
12/3/2016 10:22:20 PM	46.2	25.2	692	691	37	2	8	0
12/3/2016 10:22:20 PM	46.8	28.8	688	690	39.4	2	8	0
12/3/2016 10:22:20 PM	47	24.8	688	688	36.3	2	8	0
12/3/2016 10:22:21 PM	47.3	25.2	689	687	36.7	2	8	0
12/3/2016 10:22:21 PM	47.6	24.2	684	685	37.9	2	8	0
12/3/2016 10:22:21 PM	47.1	26.4	688	687	37.7	2	8	0
12/3/2016 10:22:21 PM	47.4	26.2	688	688	39.3	2	8	0
12/3/2016 10:22:21 PM	47.6	23	684	684	35.3	2	8	0
12/3/2016 10:22:21 PM	48.4	24.8	684	684	37.1	2	8	0
12/3/2016 10:22:21 PM	47.1	25.8	688	688	39.3	2	8	0
12/3/2016 10:22:22 PM	47.9	26	688	688	37.5	2	8	0
12/3/2016 10:22:22 PM	47.2	24.8	688	688	38	2	8	0
12/3/2016 10:22:22 PM	47.8	24.6	685	684	36.2	2	8	0
12/3/2016 10:22:22 PM	47	26.8	688	688	39.5	2	8	0
12/3/2016 10:22:22 PM	47.6	24.4	684	684	37.4	2	8	0
12/3/2016 10:22:22 PM	47.7	24	684	684	35	2	8	0
12/3/2016 10:22:22 PM	48.2	25.8	678	680	37.3	2	8	0
12/3/2016 10:22:22 PM	47	26	683	684	37.7	2	8	0
12/3/2016 10:22:23 PM	47.6	24.4	684	684	35.3	2	8	0
12/3/2016 10:22:23 PM	46.6	25	684	684	35	2	8	0
12/3/2016 10:22:23 PM	47.4	27.2	678	682	38.7	2	8	0
12/3/2016 10:22:23 PM	47.5	27.8	687	687	40.6	2	8	0
12/3/2016 10:22:23 PM	47.4	28	688	687	38.3	3	8	0
12/3/2016 10:22:23 PM	47.6	28	688	688	39.2	2	8	0
12/3/2016 10:22:23 PM	48.3	26.8	688	687	40.4	2	8	0
12/3/2016 10:22:23 PM	46.9	27.8	692	692	40.1	2	8	0
12/3/2016 10:22:24 PM	47.5	27.8	692	692	39.3	2	8	0
12/3/2016 10:22:24 PM	46.7	28.8	692	693	39.5	2	8	0
12/3/2016 10:22:24 PM	47.6	28.4	692	692	41.3	3	8	0
12/3/2016 10:22:24 PM	46.3	28.2	696	694	39.1	2	8	0
12/3/2016 10:22:24 PM	47.6	30.2	692	695	41.7	2	8	0
12/3/2016 10:22:24 PM	46.7	26.4	692	692	38.6	2	8	0
12/3/2016 10:22:24 PM	47.5	28.6	695	696	40.8	2	8	0
12/3/2016 10:22:25 PM	46.7	28	691	692	40.7	2	8	0
12/3/2016 10:22:25 PM	48.1	29	696	696	41.9	2	8	0
12/3/2016 10:22:25 PM	46.9	28.2	695	696	38.5	2	8	0
12/3/2016 10:22:25 PM	47.1	27.4	696	696	37.9	2	8	0
12/3/2016 10:22:25 PM	46.5	30.4	695	696	42	2	8	0
12/3/2016 10:22:25 PM	46.3	27.8	700	700	40.2	2	8	0
12/3/2016 10:22:25 PM	46.6	29.6	696	696	40.2	2	8	0
12/3/2016 10:22:25 PM	46.6	26.2	692	691	37.3	2	8	0
12/3/2016 10:22:26 PM	46.8	26.8	692	691	38.4	2	8	0
12/3/2016 10:22:26 PM	47.5	28.4	696	696	40.5	2	8	0
12/3/2016 10:22:26 PM	46.7	28.4	696	696	39.4	2	8	0
12/3/2016 10:22:26 PM	46.8	27.4	696	696	39	2	8	0
12/3/2016 10:22:26 PM	46.9	27.2	691	692	38.1	2	8	0
12/3/2016 10:22:26 PM	47.8	27.2	695	695	39.4	2	8	0
12/3/2016 10:22:26 PM	47.4	28	695	696	39.4	2	8	0
12/3/2016 10:22:26 PM	47.7	27.4	692	694	38	3	8	0
12/3/2016 10:22:27 PM	47.2	26.4	691	691	38.4	2	8	0
12/3/2016 10:22:27 PM	47.1	25.8	696	693	37.6	2	8	0
12/3/2016 10:22:27 PM	46.6	29.2	696	695	41.1	2	8	0
12/3/2016 10:22:27 PM	47	27	696	695	38.2	2	8	0
12/3/2016 10:22:27 PM	47	26.2	691	692	37.3	3	8	0
12/3/2016 10:22:27 PM	47.7	27.4	692	692	39.8	2	8	0
12/3/2016 10:22:27 PM	47.3	28	695	696	40.5	3	8	0
12/3/2016 10:22:28 PM	46.9	28	695	696	39.3	2	8	0
12/3/2016 10:22:28 PM	47.5	24.4	691	692	37.2	2	8	0
12/3/2016 10:22:28 PM	47.3	27.4	692	691	38.7	2	8	0
12/3/2016 10:22:28 PM	47.9	27.6	696	696	41.7	2	8	0
12/3/2016 10:22:28 PM	47	27.4	696	696	37.6	2	8	0
12/3/2016 10:22:28 PM	47.5	27	695	695	39.4	3	8	0
12/3/2016 10:22:28 PM	46.9	27.4	692	692	40.4	3	8	0
12/3/2016 10:22:28 PM	47.2	29	695	696	40.2	2	8	0
12/3/2016 10:22:29 PM	46.9	27.2	696	696	39.3	2	8	0
12/3/2016 10:22:29 PM	47.5	26.2	691	692	37.5	3	8	0
12/3/2016 10:22:29 PM	46.7	28.6	696	696	43.3	3	8	0
12/3/2016 10:22:29 PM	47.4	27.6	695	695	39	2	8	0
12/3/2016 10:22:29 PM	46.8	28.2	696	696	40.8	2	8	0
12/3/2016 10:22:29 PM	47.5	26.4	696	695	38.2	2	8	0
12/3/2016 10:22:29 PM	46.9	27.8	692	692	39.5	2	8	0
12/3/2016 10:22:29 PM	47.2	27.6	701	698	40.6	3	8	0
12/3/2016 10:22:30 PM	47.2	29.4	701	701	40.5	2	8	0
12/3/2016 10:22:30 PM	48	29.4	696	699	40.4	2	8	0
12/3/2016 10:22:30 PM	47.6	27.4	695	696	38.5	2	8	0
12/3/2016 10:22:30 PM	47.3	29	700	698	40.9	2	8	0
12/3/2016 10:22:30 PM	46.8	28.8	701	700	41	2	8	0
12/3/2016 10:22:30 PM	47.7	28.6	700	700	40.5	2	8	0
12/3/2016 10:22:30 PM	46.7	29.2	701	701	43.1	2	8	0
12/3/2016 10:22:31 PM	47.9	28.2	701	700	40.5	3	8	0
12/3/2016 10:22:31 PM	46.5	30.8	700	701	42.7	2	8	0
12/3/2016 10:22:31 PM	47.5	28.4	701	701	40.2	3	8	0
12/3/2016 10:22:31 PM	46.6	28.8	700	700	40.2	2	8	0
12/3/2016 10:22:31 PM	47.1	29.6	701	701	42.2	2	8	0
12/3/2016 10:22:31 PM	46.7	30	705	704	40.9	3	8	0
12/3/2016 10:22:31 PM	47.4	29.4	701	700	42.2	2	9	0
12/3/2016 10:22:31 PM	46.6	27.2	700	701	38	2	9	0
12/3/2016 10:22:32 PM	47.2	28.8	700	701	40.5	2	9	0
12/3/2016 10:22:32 PM	46.9	28.2	700	700	40.7	3	9	0
12/3/2016 10:22:32 PM	47.1	28.8	700	700	40.5	2	9	0
12/3/2016 10:22:32 PM	45.9	27.2	696	697	37.9	3	9	0
12/3/2016 10:22:32 PM	47.6	27	696	695	38.5	3	9	0
12/3/2016 10:22:32 PM	47.4	27.8	700	701	42.2	3	9	0
12/3/2016 10:22:32 PM	46.2	28.2	701	701	40.5	3	9	0
12/3/2016 10:22:32 PM	45.7	29.4	695	699	40.6	2	9	0
12/3/2016 10:22:33 PM	47.2	26.2	695	696	40.2	3	9	0
12/3/2016 10:22:33 PM	46.9	27.4	701	698	40.6	3	9	0
12/3/2016 10:22:33 PM	46.8	30.2	701	701	43.4	3	9	0
12/3/2016 10:22:33 PM	46.7	27.4	701	700	40.3	3	9	0
12/3/2016 10:22:33 PM	46.3	26.8	696	696	40.2	3	9	0
12/3/2016 10:22:33 PM	46.9	27.2	696	696	40.5	3	9	0
12/3/2016 10:22:33 PM	45.9	31	700	700	44.5	3	9	0
12/3/2016 10:22:33 PM	46.2	28.8	700	700	41.4	3	9	0
12/3/2016 10:22:34 PM	47.6	27.4	701	700	39.1	3	9	0
12/3/2016 10:22:34 PM	46.4	29.6	696	696	41.1	3	9	0
12/3/2016 10:22:34 PM	46.7	29.6	701	701	42.6	3	9	0
12/3/2016 10:22:34 PM	47.2	29.4	700	701	40.8	3	9	0
12/3/2016 10:22:34 PM	47	27	700	701	39.3	3	9	0
12/3/2016 10:22:34 PM	47.1	29.2	696	695	41.4	3	9	0
12/3/2016 10:22:34 PM	46.6	29.8	704	704	44.3	3	9	0
12/3/2016 10:22:35 PM	47.4	28.2	701	701	40.2	3	9	0
12/3/2016 10:22:35 PM	46.9	26.6	696	695	38.5	3	9	0
12/3/2016 10:22:35 PM	47.3	26.8	695	696	40.5	3	9	0
12/3/2016 10:22:35 PM	46.7	29	700	701	41.1	3	9	0
12/3/2016 10:22:35 PM	47.1	29.8	701	701	40.8	3	9	0
12/3/2016 10:22:35 PM	46.9	27.4	696	696	36.4	3	9	0
12/3/2016 10:22:35 PM	47.1	29.4	696	696	41.9	3	9	0
12/3/2016 10:22:35 PM	47.2	28.8	700	700	41.7	3	9	0
12/3/2016 10:22:36 PM	47.2	30.8	700	700	40.8	2	9	0
12/3/2016 10:22:36 PM	46.8	28.4	696	698	38.4	3	9	0
12/3/2016 10:22:36 PM	47.4	27.8	696	695	39.9	3	9	0
12/3/2016 10:22:36 PM	46.9	29.2	701	700	42	3	9	0
12/3/2016 10:22:36 PM	48.1	28.4	701	701	39.6	3	9	0
12/3/2016 10:22:36 PM	47.2	28	695	699	39.8	3	9	0
12/3/2016 10:22:36 PM	47.6	26.2	691	694	39.4	3	9	0
12/3/2016 10:22:36 PM	46.3	27.2	701	694	38.5	3	9	0
12/3/2016 10:22:37 PM	47.9	28	701	700	40.9	3	9	0
12/3/2016 10:22:37 PM	47.5	26.4	696	695	38.3	3	9	0
12/3/2016 10:22:37 PM	47.7	26.2	692	692	39.3	3	9	0
12/3/2016 10:22:37 PM	46.4	26	692	693	38.9	3	9	0
12/3/2016 10:22:37 PM	47.4	28.8	694	695	40.3	3	9	0
12/3/2016 10:22:37 PM	47.5	26	692	692	38.1	3	9	0
12/3/2016 10:22:37 PM	48.2	25.6	691	691	37.3	3	9	0
12/3/2016 10:22:38 PM	46.9	26.6	687	688	37.7	3	9	0
12/3/2016 10:22:38 PM	47.6	27.2	691	691	39.3	3	9	0
12/3/2016 10:22:38 PM	46.9	26.8	692	691	38.4	3	9	0
12/3/2016 10:22:38 PM	48.2	26	688	688	38	3	9	0
12/3/2016 10:22:38 PM	46.9	26.4	687	688	36.9	3	9	0
12/3/2016 10:22:38 PM	47	27.8	687	688	40.1	3	9	0
12/3/2016 10:22:38 PM	47.1	25.2	688	688	38.1	3	9	0
12/3/2016 10:22:38 PM	47.1	26.4	688	688	38.6	3	9	0
12/3/2016 10:22:39 PM	47.4	26.2	684	684	40	3	9	0
12/3/2016 10:22:39 PM	47	26.6	688	688	39.5	3	9	0
12/3/2016 10:22:39 PM	46.9	26.8	688	688	39.3	3	9	0
12/3/2016 10:22:39 PM	47.2	25	684	684	37.4	3	9	0
12/3/2016 10:22:39 PM	46.9	27.4	688	688	39.8	3	9	0
12/3/2016 10:22:39 PM	47.1	27	687	688	41.5	3	9	0
12/3/2016 10:22:39 PM	46.5	26	687	688	36.9	3	9	0
12/3/2016 10:22:39 PM	47.1	24.8	684	683	37.7	3	9	0
12/3/2016 10:22:40 PM	46.9	25.8	685	684	38.3	3	9	0
12/3/2016 10:22:40 PM	46.6	27.6	687	688	39.8	3	9	0
12/3/2016 10:22:40 PM	46.7	27.4	687	688	38.3	3	9	0
12/3/2016 10:22:40 PM	46.9	24.8	684	683	36.6	3	9	0
12/3/2016 10:22:40 PM	46.4	26.6	685	684	37.4	3	9	0
12/3/2016 10:22:40 PM	47.1	27.2	687	688	39.5	3	9	0
12/3/2016 10:22:40 PM	46.9	26.4	683	684	37.7	3	9	0
12/3/2016 10:22:41 PM	47.7	26	684	683	38.3	3	9	0
12/3/2016 10:22:41 PM	47.2	28	684	684	39.4	3	9	0
12/3/2016 10:22:41 PM	47.2	29.8	688	688	42.4	3	9	0
12/3/2016 10:22:41 PM	47.2	29.4	691	692	41.9	3	9	0
12/3/2016 10:22:41 PM	47.5	27.8	688	688	39.2	3	9	0
12/3/2016 10:22:41 PM	48.1	28	688	688	42.5	3	9	0
12/3/2016 10:22:41 PM	46.8	29.2	696	693	42	3	9	0
12/3/2016 10:22:41 PM	47.1	30.2	692	692	42.1	3	9	0
12/3/2016 10:22:42 PM	47	27	692	692	37	3	9	0
12/3/2016 10:22:42 PM	46.4	29.8	688	689	41.5	3	9	0
12/3/2016 10:22:42 PM	47	28	696	695	40	3	9	0
12/3/2016 10:22:42 PM	47.2	30.8	695	696	41.9	3	9	0
12/3/2016 10:22:42 PM	46.7	29.2	692	694	41.7	3	9	0
12/3/2016 10:22:42 PM	47.3	28.6	692	692	40.4	3	9	0
12/3/2016 10:22:42 PM	46.7	30.4	695	695	42.5	3	9	0
12/3/2016 10:22:42 PM	47.1	30	700	701	41.7	3	9	0
12/3/2016 10:22:43 PM	46.1	30.2	696	695	41.7	3	9	0
12/3/2016 10:22:43 PM	47.7	28.2	695	696	40.5	3	9	0
12/3/2016 10:22:43 PM	45.5	31.6	695	696	41.9	3	9	0
12/3/2016 10:22:43 PM	47.7	31	704	704	46	3	9	0
12/3/2016 10:22:43 PM	47.6	32.4	704	704	45.7	3	9	0
12/3/2016 10:22:43 PM	47	31.4	705	704	42.8	3	9	0
12/3/2016 10:22:43 PM	46.4	31	704	704	44.5	3	9	0
12/3/2016 10:22:44 PM	46.5	32	709	708	45.1	3	9	0
12/3/2016 10:22:44 PM	46.7	30.4	709	709	43.7	3	9	0
12/3/2016 10:22:44 PM	46.5	31.2	708	709	45.1	3	9	0
12/3/2016 10:22:44 PM	46	30	704	707	42.9	3	9	0
12/3/2016 10:22:44 PM	47.2	31.6	705	707	44.1	3	9	0
12/3/2016 10:22:44 PM	46.6	31.6	713	712	45.5	3	9	0
12/3/2016 10:22:44 PM	47.6	30.6	713	712	43.5	3	9	0
12/3/2016 10:22:44 PM	46.6	29.6	708	708	44	3	9	0
12/3/2016 10:22:45 PM	47.3	30.4	708	708	41.8	3	9	0
12/3/2016 10:22:45 PM	46.4	32.2	712	712	46.3	3	10	0
12/3/2016 10:22:45 PM	46.6	31.4	712	712	45.2	3	9	0
12/3/2016 10:22:45 PM	46.4	31.2	713	712	43.5	3	10	0
12/3/2016 10:22:45 PM	47.1	30.2	713	712	45.2	3	10	0
12/3/2016 10:22:45 PM	45.6	33	716	716	46.9	3	10	0
12/3/2016 10:22:45 PM	47.1	32.8	716	716	45.5	3	10	0
12/3/2016 10:22:45 PM	46.4	31	712	714	44.5	3	10	0
12/3/2016 10:22:46 PM	46.7	31	712	712	44.3	3	10	0
12/3/2016 10:22:46 PM	46.4	31.6	716	716	45.5	3	10	0
12/3/2016 10:22:46 PM	45.9	34.6	721	721	47.7	3	10	0
12/3/2016 10:22:46 PM	46.4	31.2	717	716	44.6	3	10	0
12/3/2016 10:22:46 PM	46.7	30.2	716	716	42.7	3	10	0
12/3/2016 10:22:46 PM	46.4	31.2	716	715	45	3	10	0
12/3/2016 10:22:46 PM	46.8	30.2	0	706	42.8	3	10	0
12/3/2016 10:22:47 PM	46.3	28.6	684	697	41.3	3	10	0
12/3/2016 10:22:47 PM	47.2	24.8	680	687	34.3	3	10	0
12/3/2016 10:22:47 PM	46.6	27.2	684	684	42.6	3	10	0
12/3/2016 10:22:47 PM	46.6	26.6	688	688	40.6	3	10	0
12/3/2016 10:22:47 PM	47.4	28.4	691	690	39.6	3	10	0
12/3/2016 10:22:47 PM	47.1	26.8	688	690	39.1	3	10	0
12/3/2016 10:22:47 PM	47.5	27.2	688	688	39.5	3	10	0
12/3/2016 10:22:47 PM	46.8	27.4	688	688	39.1	3	10	0
12/3/2016 10:22:48 PM	47.1	29.4	692	692	41	4	10	0
12/3/2016 10:22:48 PM	46.9	27.8	692	692	40.1	3	10	0
12/3/2016 10:22:48 PM	47.4	26.4	687	688	37.7	4	10	0
12/3/2016 10:22:48 PM	47.2	28.6	692	690	39.6	3	10	0
12/3/2016 10:22:48 PM	47.8	28.4	691	692	42	4	10	0
12/3/2016 10:22:48 PM	46.3	29.6	695	696	41.6	3	10	0
12/3/2016 10:22:48 PM	47.4	27.4	692	692	38.7	3	10	0
12/3/2016 10:22:48 PM	46.8	27.2	692	692	40.5	3	10	0
12/3/2016 10:22:49 PM	47.6	27.8	695	696	42.5	4	10	0
12/3/2016 10:22:49 PM	46	29	696	696	40.2	3	10	0
12/3/2016 10:22:49 PM	47.2	28.6	692	694	40.9	3	10	0
12/3/2016 10:22:49 PM	46.8	26	691	692	39.5	3	10	0
12/3/2016 10:22:49 PM	47.2	29	691	693	42	4	10	0
12/3/2016 10:22:49 PM	46	29	695	696	42.5	3	10	0
12/3/2016 10:22:49 PM	47.5	29	700	701	41.3	3	10	0
12/3/2016 10:22:50 PM	46.3	27.6	696	695	41	3	10	0
12/3/2016 10:22:50 PM	48	30.2	696	696	43.7	3	10	0
12/3/2016 10:22:50 PM	47	29.6	700	700	45	3	10	0
12/3/2016 10:22:50 PM	47.4	28.2	696	696	39.9	3	10	0
12/3/2016 10:22:50 PM	46.4	30	700	701	42.8	3	10	0
12/3/2016 10:22:50 PM	47.2	29.2	696	695	43.9	3	10	0
12/3/2016 10:22:50 PM	46.7	29.2	701	700	42.2	3	10	0
12/3/2016 10:22:50 PM	46.8	30.2	701	701	44.8	4	10	0
12/3/2016 10:22:51 PM	45.5	30.8	700	701	42.5	3	10	0
12/3/2016 10:22:51 PM	47.2	29.8	701	701	43.4	4	10	0
12/3/2016 10:22:51 PM	46	29.6	705	703	41.4	4	10	0
12/3/2016 10:22:51 PM	47.2	31.8	705	704	43.2	3	10	0
12/3/2016 10:22:51 PM	46.8	29	704	704	40	3	10	0
12/3/2016 10:22:51 PM	47.1	30.4	705	705	41.4	3	10	0
12/3/2016 10:22:51 PM	46	29	700	700	41	3	10	0
12/3/2016 10:22:51 PM	47.4	29	705	704	41.4	3	10	0
12/3/2016 10:22:52 PM	47.2	29.6	700	701	41.4	3	10	0
12/3/2016 10:22:52 PM	47.6	27.6	701	700	38.8	3	10	0
12/3/2016 10:22:52 PM	46.6	30.6	701	701	43.1	3	10	0
12/3/2016 10:22:52 PM	46.8	29.2	704	705	42.3	3	10	0
12/3/2016 10:22:52 PM	46.5	29.2	701	700	40.8	3	10	0
12/3/2016 10:22:52 PM	47	27.2	701	701	39.1	4	10	0
12/3/2016 10:22:52 PM	46.8	27.4	696	696	39.9	3	10	0
12/3/2016 10:22:52 PM	47	27.6	701	700	41.7	4	10	0
12/3/2016 10:22:53 PM	46.7	28.2	700	701	41	4	10	0
12/3/2016 10:22:53 PM	46.8	29.2	700	700	41.1	3	10	0
12/3/2016 10:22:53 PM	46	27	701	701	40	4	10	0
12/3/2016 10:22:53 PM	46.9	28.8	700	700	41.3	4	10	0
12/3/2016 10:22:53 PM	46.4	29.4	701	701	41.7	3	10	0
12/3/2016 10:22:53 PM	47.3	26.6	696	698	37.5	3	10	0
12/3/2016 10:22:53 PM	46.7	27.2	695	695	39.3	4	10	0
12/3/2016 10:22:54 PM	47.5	28	701	698	40.2	4	10	0
12/3/2016 10:22:54 PM	46.1	30.4	701	701	42.7	3	10	0
12/3/2016 10:22:54 PM	46.4	27.4	700	700	40.5	3	10	0
12/3/2016 10:22:54 PM	46.7	29.4	701	700	41.1	4	10	0
12/3/2016 10:22:54 PM	46.8	28.8	695	695	42.5	4	10	0
12/3/2016 10:22:54 PM	47	29	700	700	41.4	4	10	0
12/3/2016 10:22:54 PM	46.8	28.6	701	701	40.2	3	10	0
12/3/2016 10:22:54 PM	47.7	26.4	695	695	39.6	4	10	0
12/3/2016 10:22:55 PM	46.7	30.2	701	701	42.8	4	10	0
12/3/2016 10:22:55 PM	46.7	27	701	700	40.5	4	10	0
12/3/2016 10:22:55 PM	46.4	27.6	695	695	37.9	4	10	0
12/3/2016 10:22:55 PM	47.6	27.6	696	696	39.9	4	10	0
12/3/2016 10:22:55 PM	46.7	28	696	695	39.6	3	10	0
12/3/2016 10:22:55 PM	47.1	30.4	701	701	42.5	4	10	0
12/3/2016 10:22:55 PM	47.1	30	700	700	42.2	4	10	0
12/3/2016 10:22:55 PM	46.7	28.8	701	700	40.2	4	10	0
12/3/2016 10:22:56 PM	46.6	31	701	701	44.7	4	10	0
12/3/2016 10:22:56 PM	46.7	30.6	704	704	42.8	4	10	0
12/3/2016 10:22:56 PM	46.4	31.2	705	705	42.8	4	10	0
12/3/2016 10:22:56 PM	47.1	28.6	703	704	40	4	10	0
12/3/2016 10:22:56 PM	46.5	31.4	704	704	42.8	3	10	0
12/3/2016 10:22:56 PM	47.1	30.4	708	708	43.7	4	10	0
12/3/2016 10:22:56 PM	47.2	30.6	708	708	41.8	4	10	0
12/3/2016 10:22:57 PM	47.9	30.2	708	708	44.2	4	10	0
12/3/2016 10:22:57 PM	46	30	708	709	44.2	4	10	0
12/3/2016 10:22:57 PM	47	33.2	713	712	45.7	4	10	0
12/3/2016 10:22:57 PM	46.3	33.2	716	716	46.6	4	10	0
12/3/2016 10:22:57 PM	46.2	33.4	716	716	45.8	4	10	0
12/3/2016 10:22:57 PM	46.5	31	716	716	44.4	4	10	0
12/3/2016 10:22:57 PM	46.9	33.2	712	712	46	4	10	0
12/3/2016 10:22:57 PM	46	34	726	724	48.5	4	10	0
12/3/2016 10:22:58 PM	46.3	34.4	721	721	47.4	4	10	0
12/3/2016 10:22:58 PM	46.2	33.2	721	721	46	4	10	0
12/3/2016 10:22:58 PM	47	33	721	721	47.4	4	10	0
12/3/2016 10:22:58 PM	46	34	725	722	47.8	4	10	0
12/3/2016 10:22:58 PM	47.6	34.2	725	725	47.4	4	10	0
12/3/2016 10:22:58 PM	45.5	34.4	725	725	47.4	4	10	0
12/3/2016 10:22:58 PM	47.3	32.6	725	725	46.6	4	10	0
12/3/2016 10:22:58 PM	44.8	34.6	725	725	46.6	4	10	0
12/3/2016 10:22:59 PM	45.4	35	730	730	49.1	4	10	0
12/3/2016 10:22:59 PM	47	34	730	730	46.3	4	10	0
12/3/2016 10:22:59 PM	46.4	34.6	729	729	46.3	4	11	0
12/3/2016 10:22:59 PM	46.1	33.6	725	726	45.7	4	11	0
12/3/2016 10:22:59 PM	46	34.4	730	729	47.9	4	11	0
12/3/2016 10:22:59 PM	46.1	35	733	733	47.2	4	11	0
12/3/2016 10:22:59 PM	46.8	35.2	729	731	47.6	4	11	0
12/3/2016 10:23:00 PM	46.4	31.4	729	729	43.5	4	11	0
12/3/2016 10:23:00 PM	47.4	34.8	729	730	46	4	11	0
12/3/2016 10:23:00 PM	45.4	36.2	733	733	48	4	11	0
12/3/2016 10:23:00 PM	45.5	34.2	733	733	45	4	11	0
12/3/2016 10:23:00 PM	46.1	32.8	733	732	47.4	4	11	0
12/3/2016 10:23:00 PM	45.6	34.4	729	730	46.3	4	11	0
12/3/2016 10:23:00 PM	45.7	35.2	733	733	48	4	11	0
12/3/2016 10:23:00 PM	46	33.6	733	733	45	4	11	0
12/3/2016 10:23:01 PM	46.9	33.2	729	729	43.2	4	11	0
12/3/2016 10:23:01 PM	46.4	32.8	729	729	45.5	4	11	0
12/3/2016 10:23:01 PM	46.4	33.2	729	729	44.3	5	11	0
12/3/2016 10:23:01 PM	46.3	33.4	729	730	44.7	4	11	0
12/3/2016 10:23:01 PM	46.5	32.2	729	729	43	4	11	0
12/3/2016 10:23:01 PM	47.4	33.2	725	726	47.1	4	11	0
12/3/2016 10:23:01 PM	46.2	31.6	733	730	45.6	4	11	0
12/3/2016 10:23:01 PM	45.9	35	729	731	46.5	4	11	0
12/3/2016 10:23:02 PM	47.6	32.6	725	727	45.9	4	11	0
12/3/2016 10:23:02 PM	46.1	31.6	729	727	44.2	4	11	0
12/3/2016 10:23:02 PM	46.9	32.8	729	729	46.3	4	11	0
12/3/2016 10:23:02 PM	46.3	34.6	729	729	47.6	4	11	0
12/3/2016 10:23:02 PM	46.4	34	730	730	47.4	4	11	0
12/3/2016 10:23:02 PM	46.3	33.4	733	733	48.5	4	11	0
12/3/2016 10:23:02 PM	46.6	36.2	733	733	49.3	4	11	0
12/3/2016 10:23:03 PM	45.2	38.2	736	737	53.7	4	11	0
12/3/2016 10:23:03 PM	46.2	38.6	742	742	50.6	4	11	0
12/3/2016 10:23:03 PM	45.7	39.6	746	746	52.2	4	11	0
12/3/2016 10:23:03 PM	46.4	39.6	746	746	53	4	11	0
12/3/2016 10:23:03 PM	45.3	40	749	749	54.4	4	11	0
12/3/2016 10:23:03 PM	46.3	39.4	754	754	53.5	4	11	0
12/3/2016 10:23:03 PM	45.5	40.8	750	753	52.5	4	11	0
12/3/2016 10:23:03 PM	46.3	38.4	754	754	50.3	4	11	0
12/3/2016 10:23:04 PM	45.5	41.4	754	754	52.3	4	11	0
12/3/2016 10:23:04 PM	45.5	41	758	758	55.6	4	11	0
12/3/2016 10:23:04 PM	44.2	41	758	757	51.7	4	11	0
12/3/2016 10:23:04 PM	45.9	39.8	758	758	51.1	4	11	0
12/3/2016 10:23:04 PM	45.5	39.8	758	757	53	4	11	0
12/3/2016 10:23:04 PM	45.9	41.2	762	763	54.7	4	11	0
12/3/2016 10:23:04 PM	45.8	42	763	762	53.2	4	11	0
12/3/2016 10:23:04 PM	47.1	41	762	764	52	4	11	0
12/3/2016 10:23:05 PM	45.7	39.8	767	765	51.7	4	11	0
12/3/2016 10:23:05 PM	46.9	41.8	763	763	56.5	4	11	0
12/3/2016 10:23:05 PM	45.8	40.4	766	768	54.8	4	11	0
12/3/2016 10:23:05 PM	45.9	41.8	767	767	53.9	4	11	0
12/3/2016 10:23:05 PM	46.3	40	767	766	53.4	4	11	0
12/3/2016 10:23:05 PM	44.6	42.4	770	771	54.9	4	11	0
12/3/2016 10:23:05 PM	46.7	43	775	774	56.7	4	12	0
12/3/2016 10:23:05 PM	44.3	44	775	774	56.2	4	12	0
12/3/2016 10:23:06 PM	44.9	41.2	775	775	55	4	12	0
12/3/2016 10:23:06 PM	45.4	40	771	773	53.3	4	12	0
12/3/2016 10:23:06 PM	45.4	41	770	772	54	4	12	0
12/3/2016 10:23:06 PM	47.2	41.6	774	775	54.5	4	12	0
12/3/2016 10:23:06 PM	46.5	40.8	778	778	54.9	4	12	0
12/3/2016 10:23:06 PM	46.4	39	775	775	51.6	4	12	0
12/3/2016 10:23:06 PM	45.7	42	775	774	54.1	4	12	0
12/3/2016 10:23:07 PM	46.1	42	778	779	54.4	4	12	0
12/3/2016 10:23:07 PM	45.5	41.4	778	779	53	4	12	0
12/3/2016 10:23:07 PM	46.7	40.8	775	775	52.6	4	12	0
12/3/2016 10:23:07 PM	45.6	40.2	775	775	53.1	4	12	0
12/3/2016 10:23:07 PM	45.5	41.4	778	778	55.7	4	12	0
12/3/2016 10:23:07 PM	46	40.8	774	778	52.2	4	12	0
12/3/2016 10:23:07 PM	45.7	41	775	778	52.5	4	12	0
12/3/2016 10:23:07 PM	45.5	38.8	771	774	50.9	4	12	0
12/3/2016 10:23:08 PM	46.2	40	775	775	50.9	4	12	0
12/3/2016 10:23:08 PM	46.2	39.6	774	774	53.2	4	12	0
12/3/2016 10:23:08 PM	45.9	37.8	771	771	48.7	4	12	0
12/3/2016 10:23:08 PM	46.2	37.8	767	766	49.5	4	12	0
12/3/2016 10:23:08 PM	47.1	38.4	763	766	50.9	4	12	0
12/3/2016 10:23:08 PM	46.3	39.6	766	767	51.1	4	12	0
12/3/2016 10:23:08 PM	46.5	38.4	766	767	48.7	4	12	0
12/3/2016 10:23:08 PM	46.2	35.8	763	763	47.4	4	12	0
12/3/2016 10:23:09 PM	46.7	37.6	758	758	49.4	4	12	0
12/3/2016 10:23:09 PM	46.2	37.2	762	763	48.7	4	12	0
12/3/2016 10:23:09 PM	46.2	35	758	758	45.6	5	12	0
12/3/2016 10:23:09 PM	47	34	754	754	46.4	4	12	0
12/3/2016 10:23:09 PM	44.9	35	746	746	43.9	4	12	0
12/3/2016 10:23:09 PM	46.7	35.6	750	750	47.2	4	12	0
12/3/2016 10:23:09 PM	45.7	32.6	746	746	42.8	4	12	0
12/3/2016 10:23:10 PM	46.9	32.2	743	742	44.8	4	12	0
12/3/2016 10:23:10 PM	46.3	33	737	736	46.1	4	12	0
12/3/2016 10:23:10 PM	46.9	33.6	743	742	45	4	12	0
12/3/2016 10:23:10 PM	46.8	33.6	742	741	45	4	12	0
12/3/2016 10:23:10 PM	46.5	32	732	733	43.9	4	12	0
12/3/2016 10:23:10 PM	46.2	31.8	737	734	42.9	4	12	0
12/3/2016 10:23:10 PM	46.8	34.4	733	735	45.7	4	12	0
12/3/2016 10:23:10 PM	46.3	31	729	731	43.8	4	12	0
12/3/2016 10:23:11 PM	46.9	33	730	729	46	5	12	0
12/3/2016 10:23:11 PM	47	33.8	737	734	46.5	4	12	0
12/3/2016 10:23:11 PM	46.8	34.2	734	734	44.4	4	12	0
12/3/2016 10:23:11 PM	46	34.6	733	733	45.9	5	12	0
12/3/2016 10:23:11 PM	46.5	34.8	732	733	48.5	5	12	0
12/3/2016 10:23:11 PM	46.4	33.4	733	733	46.6	4	12	0
12/3/2016 10:23:11 PM	44.8	36.8	737	736	51.2	4	12	0
12/3/2016 10:23:11 PM	45.9	35.4	737	737	47.4	4	12	0
12/3/2016 10:23:12 PM	47.2	36	737	737	50.2	4	12	0
12/3/2016 10:23:12 PM	46.4	36.6	746	741	50.8	4	12	0
12/3/2016 10:23:12 PM	45.8	38.8	742	743	49.8	4	12	0
12/3/2016 10:23:12 PM	46.9	38.4	742	742	51.2	4	12	0
12/3/2016 10:23:12 PM	45.9	37.4	746	745	50.6	4	12	0
12/3/2016 10:23:12 PM	46.2	39.6	751	747	52	4	12	0
12/3/2016 10:23:12 PM	45.9	40	750	749	52	5	12	0
12/3/2016 10:23:13 PM	44.7	39.8	750	750	52.2	4	12	0
12/3/2016 10:23:13 PM	45.7	40.8	749	750	54.2	4	12	0
12/3/2016 10:23:13 PM	45.4	42.2	754	754	54.1	4	12	0
12/3/2016 10:23:13 PM	45.4	43.4	758	758	57.5	5	12	0
12/3/2016 10:23:13 PM	44.7	41.2	758	758	51.4	5	12	0
12/3/2016 10:23:13 PM	46	40	758	758	52.5	4	12	0
12/3/2016 10:23:13 PM	45.2	42.6	763	762	56.3	4	12	0
12/3/2016 10:23:13 PM	45.6	44.6	767	767	58.9	4	12	0
12/3/2016 10:23:14 PM	45.2	44.4	771	771	57.5	5	12	0
12/3/2016 10:23:14 PM	45	43.6	770	770	54.9	5	12	0
12/3/2016 10:23:14 PM	45.4	41.4	771	771	54.7	5	12	0
12/3/2016 10:23:14 PM	45.1	43	771	771	56.1	4	12	0
12/3/2016 10:23:14 PM	45.2	48	778	779	60.5	5	13	0
12/3/2016 10:23:14 PM	45.7	46.2	780	779	58.2	5	13	0
12/3/2016 10:23:14 PM	46.5	46.2	784	784	59.6	5	13	0
12/3/2016 10:23:14 PM	45.2	47.2	788	787	58.7	5	13	0
12/3/2016 10:23:15 PM	45.4	47.8	791	791	62.7	5	13	0
12/3/2016 10:23:15 PM	45	49	575	791	59	5	13	0
12/3/2016 10:23:15 PM	45.4	47.2	733	794	63.2	5	13	0
12/3/2016 10:23:15 PM	44.8	45	0	785	58.1	5	13	0
12/3/2016 10:23:15 PM	45.9	43	746	776	57.5	5	13	0
12/3/2016 10:23:15 PM	46.6	43.6	754	766	57.7	5	13	0
12/3/2016 10:23:15 PM	45.9	40.8	763	763	54.7	5	13	0
12/3/2016 10:23:16 PM	45.6	40.2	767	766	52.2	4	13	0
12/3/2016 10:23:16 PM	45.7	45.2	763	763	57.1	5	13	0
12/3/2016 10:23:16 PM	44.7	42.6	767	767	54.7	5	13	0
12/3/2016 10:23:16 PM	47.6	45	771	772	55.1	5	13	0
12/3/2016 10:23:16 PM	45.2	39.8	774	775	57.6	5	13	0
12/3/2016 10:23:16 PM	47.1	47	775	775	59.7	5	13	0
12/3/2016 10:23:16 PM	46.3	45.6	780	780	56.7	5	13	0
12/3/2016 10:23:16 PM	46.5	44.8	784	784	57.9	5	13	0
12/3/2016 10:23:17 PM	45.4	45.6	787	787	57.6	5	13	0
12/3/2016 10:23:17 PM	46	44	788	787	58.4	5	13	0
12/3/2016 10:23:17 PM	46.4	47	792	791	55.3	5	13	0
12/3/2016 10:23:17 PM	45.3	47.8	795	796	57	5	13	0
12/3/2016 10:23:17 PM	45.3	48.2	796	795	59.7	5	13	0
12/3/2016 10:23:17 PM	45.5	51.8	804	805	64.6	5	13	0
12/3/2016 10:23:17 PM	44.8	49.6	805	806	60.7	5	13	0
12/3/2016 10:23:17 PM	45.7	47.8	368	798	61.1	5	13	0
12/3/2016 10:23:18 PM	46.7	44.6	716	789	57.1	5	13	0
12/3/2016 10:23:18 PM	45.4	44.8	754	780	56.2	5	13	0
12/3/2016 10:23:18 PM	45.3	42	763	771	54.5	5	13	0
12/3/2016 10:23:18 PM	45.9	41.6	766	767	52.9	5	13	0
12/3/2016 10:23:18 PM	45.4	42	770	770	52.9	5	13	0
12/3/2016 10:23:18 PM	47	41.8	774	775	54	5	14	0
12/3/2016 10:23:18 PM	44.9	44.4	780	780	59.5	5	13	0
12/3/2016 10:23:19 PM	45.4	45	784	785	56.9	5	14	0
12/3/2016 10:23:19 PM	44.7	47	792	791	60.1	5	14	0
12/3/2016 10:23:19 PM	45.1	46.6	791	791	57.9	5	14	0
12/3/2016 10:23:19 PM	44.7	46.2	796	795	56.2	5	14	0
12/3/2016 10:23:19 PM	44.1	45.8	795	795	56.5	5	14	0
12/3/2016 10:23:19 PM	44.9	46.6	800	800	58	5	14	0
12/3/2016 10:23:19 PM	45.9	48	805	805	59.3	5	14	0
12/3/2016 10:23:19 PM	45.2	46.4	805	807	56.9	5	14	0
12/3/2016 10:23:20 PM	44.5	45.6	809	808	57.2	5	14	0
12/3/2016 10:23:20 PM	45.9	44.6	809	808	55.9	5	14	0
12/3/2016 10:23:20 PM	45.2	46.4	809	809	57.5	5	14	0
12/3/2016 10:23:20 PM	45.2	45.4	812	812	55.9	5	14	0
12/3/2016 10:23:20 PM	46.5	44	617	803	53.6	5	14	0
12/3/2016 10:23:20 PM	45.4	39.4	551	794	49.4	5	14	0
12/3/2016 10:23:20 PM	46.9	39.4	784	784	50.2	5	14	0
12/3/2016 10:23:20 PM	46.7	39	778	780	49.2	5	14	0
12/3/2016 10:23:21 PM	45.8	41.8	784	784	54.3	5	14	0
12/3/2016 10:23:21 PM	45.5	41.2	784	784	52.6	5	14	0
12/3/2016 10:23:21 PM	45.5	41.8	778	781	52.5	5	14	0
12/3/2016 10:23:21 PM	45.4	40.4	775	778	52.5	5	14	0
12/3/2016 10:23:21 PM	44.9	41	732	773	54.1	5	14	0
12/3/2016 10:23:21 PM	47.4	37.6	173	764	50.8	5	14	0
12/3/2016 10:23:21 PM	46.3	36	726	755	46.6	5	14	0
12/3/2016 10:23:22 PM	46.6	32.6	722	745	46.1	5	14	0
12/3/2016 10:23:22 PM	47.1	33.8	722	736	45.7	5	14	0
12/3/2016 10:23:22 PM	46.7	32	725	727	45.4	5	14	0
12/3/2016 10:23:22 PM	46.3	32.2	725	725	44.4	5	14	0
12/3/2016 10:23:22 PM	47.4	33.6	730	729	47.9	5	14	0
12/3/2016 10:23:22 PM	47.1	36	730	729	49.8	5	14	0
12/3/2016 10:23:22 PM	46.4	36.6	733	733	51.7	5	14	0
12/3/2016 10:23:22 PM	45.7	39.4	742	742	52	5	14	0
12/3/2016 10:23:23 PM	46	40	743	742	52.8	5	14	0
12/3/2016 10:23:23 PM	46	37.2	742	742	50.4	5	14	0
12/3/2016 10:23:23 PM	45.2	40	746	746	54.9	5	14	0
12/3/2016 10:23:23 PM	45.7	40	750	749	55.4	5	14	0
12/3/2016 10:23:23 PM	46.1	42.8	754	753	54.3	6	14	0
12/3/2016 10:23:23 PM	45.5	40.6	754	754	53.5	5	14	0
12/3/2016 10:23:23 PM	47.2	42	754	754	55.2	5	14	0
12/3/2016 10:23:23 PM	46	44.6	758	758	56.9	5	14	0
12/3/2016 10:23:24 PM	45.4	41.6	763	763	55.3	5	14	0
12/3/2016 10:23:24 PM	46.4	40.4	763	763	53.9	5	14	0
12/3/2016 10:23:24 PM	46.2	41.8	758	760	54.4	5	14	0
12/3/2016 10:23:24 PM	46.2	38.4	758	762	51.7	5	14	0
12/3/2016 10:23:24 PM	46.1	39.6	763	762	54.5	6	14	0
12/3/2016 10:23:24 PM	45.4	40.8	763	763	55	5	14	0
12/3/2016 10:23:24 PM	45.3	42.2	767	766	53	5	14	0
12/3/2016 10:23:24 PM	44.1	39.4	766	767	51.9	5	14	0
12/3/2016 10:23:25 PM	45.4	41.2	763	763	53.2	5	14	0
12/3/2016 10:23:25 PM	45.4	41.4	770	770	55.8	5	14	0
12/3/2016 10:23:25 PM	45.2	44.2	771	771	55.5	6	14	0
12/3/2016 10:23:25 PM	44.5	40.6	770	771	53.4	5	14	0
12/3/2016 10:23:25 PM	46.8	40.6	771	771	53.5	5	14	0
12/3/2016 10:23:25 PM	46	42.4	771	770	53.9	5	14	0
12/3/2016 10:23:25 PM	45.7	40.8	774	775	51.9	6	14	0
12/3/2016 10:23:26 PM	44.3	38.8	771	770	49.8	5	14	0
12/3/2016 10:23:26 PM	45.9	36.8	763	765	46.8	5	14	0
12/3/2016 10:23:26 PM	46.5	36.8	758	758	48.5	5	14	0
12/3/2016 10:23:26 PM	46.8	36.8	763	763	49.5	5	14	0
12/3/2016 10:23:26 PM	45.6	36.8	758	758	49	6	14	0
12/3/2016 10:23:26 PM	45.9	37.6	758	758	48.5	5	14	0
12/3/2016 10:23:26 PM	45.9	35.8	754	754	48.2	5	14	0
12/3/2016 10:23:26 PM	45.9	37.8	758	758	50.3	6	14	0
12/3/2016 10:23:27 PM	45.7	38	758	758	49.6	6	14	0
12/3/2016 10:23:27 PM	45.7	37.4	754	755	47.4	5	14	0
12/3/2016 10:23:27 PM	45.8	36.2	754	754	49.6	6	14	0
12/3/2016 10:23:27 PM	46	37.2	758	757	49	5	14	0
12/3/2016 10:23:27 PM	44.5	39.6	758	758	50.3	5	14	0
12/3/2016 10:23:27 PM	45.9	36.4	754	757	48.1	5	14	0
12/3/2016 10:23:27 PM	46	36.6	754	754	49.8	6	14	0
12/3/2016 10:23:27 PM	46.2	36.2	754	754	48.8	6	14	0
12/3/2016 10:23:28 PM	45.9	37	754	754	48.2	6	14	0
12/3/2016 10:23:28 PM	47	35.4	749	750	49.1	6	14	0
12/3/2016 10:23:28 PM	46.7	32.8	746	746	44.2	6	14	0
12/3/2016 10:23:28 PM	46.3	35.8	746	746	46.3	6	14	0
12/3/2016 10:23:28 PM	46.9	37.2	750	750	49.1	6	14	0
12/3/2016 10:23:28 PM	45.7	34.6	745	746	45.5	6	14	0
12/3/2016 10:23:28 PM	46.3	35	746	746	46.9	6	14	0
12/3/2016 10:23:29 PM	46.2	34	742	742	46	6	14	0
12/3/2016 10:23:29 PM	46.3	36	746	746	48.2	6	14	0
12/3/2016 10:23:29 PM	46.2	33.8	746	746	47.2	5	14	0
12/3/2016 10:23:29 PM	47.2	33	742	742	44.2	6	14	0
12/3/2016 10:23:29 PM	46.1	35.8	736	738	46.2	6	14	0
12/3/2016 10:23:29 PM	46.5	35.4	743	742	48.7	6	14	0
12/3/2016 10:23:29 PM	46.4	33.2	742	742	44.2	6	14	0
12/3/2016 10:23:29 PM	46.8	34.8	742	742	47.7	6	14	0
12/3/2016 10:23:30 PM	46.6	32.4	733	733	43.9	6	14	0
12/3/2016 10:23:30 PM	46.2	34.2	737	737	46.4	6	14	0
12/3/2016 10:23:30 PM	46.8	31.8	737	736	44.3	6	14	0
12/3/2016 10:23:30 PM	47.1	32.4	733	733	43.3	6	14	0
12/3/2016 10:23:30 PM	46.5	33.2	733	732	45	6	14	0
12/3/2016 10:23:30 PM	46.8	33	733	733	43.9	6	14	0
12/3/2016 10:23:30 PM	46.4	32.6	732	732	43.2	6	14	0
12/3/2016 10:23:30 PM	47	32.2	729	730	44.1	6	14	0
12/3/2016 10:23:31 PM	46.2	32.8	733	728	44.6	6	14	0
12/3/2016 10:23:31 PM	46.7	33.6	729	731	46.5	6	14	0
12/3/2016 10:23:31 PM	46.6	30.6	730	730	43	6	14	0
12/3/2016 10:23:31 PM	47.1	33	725	725	44.1	6	14	0
12/3/2016 10:23:31 PM	46.3	31.4	733	727	45	6	14	0
12/3/2016 10:23:31 PM	46	34.2	730	731	45.6	6	14	0
12/3/2016 10:23:31 PM	46.2	32.4	725	728	43.9	6	14	0
12/3/2016 10:23:32 PM	47.2	30.8	725	724	43.8	6	14	0
12/3/2016 10:23:32 PM	46.3	32.2	730	727	44.5	6	14	0
12/3/2016 10:23:32 PM	46.8	34.4	730	729	47.6	6	14	0
12/3/2016 10:23:32 PM	47.1	32	724	728	45.3	6	14	0
12/3/2016 10:23:32 PM	46.6	32.2	720	723	44.8	6	14	0
12/3/2016 10:23:32 PM	45.6	30.8	725	723	44.7	6	14	0
12/3/2016 10:23:32 PM	46.4	32.8	725	725	43.8	6	14	0
12/3/2016 10:23:32 PM	46.4	31.4	721	723	43.4	6	14	0
12/3/2016 10:23:33 PM	46.6	30.2	722	721	42.7	6	14	0
12/3/2016 10:23:33 PM	46.7	33	725	719	45.2	6	14	0
12/3/2016 10:23:33 PM	46.4	32.6	721	723	45.6	6	14	0
12/3/2016 10:23:33 PM	46.4	30	721	721	41.6	6	14	0
12/3/2016 10:23:33 PM	46.1	30.8	716	719	44.5	6	14	0
12/3/2016 10:23:33 PM	46.4	30	726	718	43.3	6	14	0
12/3/2016 10:23:33 PM	46.1	31.8	721	720	44.6	6	14	0
12/3/2016 10:23:33 PM	46.4	30	716	719	42.8	6	14	0
12/3/2016 10:23:34 PM	46.7	29.4	716	716	41	6	14	0
12/3/2016 10:23:34 PM	46.4	31.4	721	718	44.7	6	14	0
12/3/2016 10:23:34 PM	46.7	31	715	719	42.8	6	14	0
12/3/2016 10:23:34 PM	46.4	29.8	712	714	40.8	6	14	0
12/3/2016 10:23:34 PM	46.7	29.2	712	712	41.8	6	14	0
12/3/2016 10:23:34 PM	47.4	29.2	716	714	42.5	6	14	0
12/3/2016 10:23:34 PM	47.3	31.4	716	716	44.4	6	14	0
12/3/2016 10:23:35 PM	47.3	28.8	712	714	42	6	14	0
12/3/2016 10:23:35 PM	46.6	30	712	712	41.8	6	14	0
12/3/2016 10:23:35 PM	47.8	31	717	714	46	6	14	0
12/3/2016 10:23:35 PM	46.5	31.2	716	716	41.8	6	14	0
12/3/2016 10:23:35 PM	46.8	30.6	712	714	43.1	6	14	0
12/3/2016 10:23:35 PM	46.7	30	713	712	41.8	6	14	0
12/3/2016 10:23:35 PM	47	31.4	713	713	43.6	6	14	0
12/3/2016 10:23:35 PM	45.8	32.4	716	715	44.2	6	15	0
12/3/2016 10:23:36 PM	47	29	712	712	39.8	6	14	0
12/3/2016 10:23:36 PM	45.6	30.4	712	712	43.2	6	14	0
12/3/2016 10:23:36 PM	47	30	713	713	44.7	6	14	0
12/3/2016 10:23:36 PM	46.3	32.2	715	716	43.8	6	14	0
12/3/2016 10:23:36 PM	46.9	30.6	716	716	44.1	6	14	0
12/3/2016 10:23:36 PM	46.5	29.2	712	712	41.8	6	14	0
12/3/2016 10:23:36 PM	46.8	30.2	713	712	42.6	6	14	0
12/3/2016 10:23:36 PM	46.4	32.2	717	716	45.5	6	14	0
12/3/2016 10:23:37 PM	46.7	31.8	716	716	43	6	14	0
12/3/2016 10:23:37 PM	46.1	30.2	716	716	43.2	6	14	0
12/3/2016 10:23:37 PM	47.2	31.2	713	712	42.4	6	14	0
12/3/2016 10:23:37 PM	46.2	33	717	716	45.8	6	14	0
12/3/2016 10:23:37 PM	47.1	30	716	716	41.8	6	14	0
12/3/2016 10:23:37 PM	46.9	30	712	712	42.4	6	14	0
12/3/2016 10:23:37 PM	46.9	32.6	716	716	44.4	6	14	0
12/3/2016 10:23:37 PM	46.8	33	722	721	46.3	6	14	0
12/3/2016 10:23:38 PM	46.6	32	717	716	44.6	6	14	0
12/3/2016 10:23:38 PM	46.5	30.6	716	716	40.5	6	14	0
12/3/2016 10:23:38 PM	46.9	32.6	716	716	44.9	6	14	0
12/3/2016 10:23:38 PM	46.3	31.6	720	721	45.2	6	14	0
12/3/2016 10:23:38 PM	46.9	32.4	716	716	42.7	6	14	0
12/3/2016 10:23:38 PM	46.7	30.8	716	716	42.7	6	14	0
12/3/2016 10:23:38 PM	46.6	30.6	716	716	43	7	14	0
12/3/2016 10:23:39 PM	46.4	31.6	721	721	44.3	6	14	0
12/3/2016 10:23:39 PM	46.7	31.6	716	717	44.1	6	14	0
12/3/2016 10:23:39 PM	46.9	31	713	713	42.6	6	14	0
12/3/2016 10:23:39 PM	46.6	30.2	717	716	45.2	6	14	0
12/3/2016 10:23:39 PM	45.9	31.8	721	721	44.9	6	14	0
12/3/2016 10:23:39 PM	46.3	33	721	721	46	6	14	0
12/3/2016 10:23:39 PM	46.2	30.8	716	718	44	6	14	0
12/3/2016 10:23:39 PM	46.3	31.4	716	716	44.1	6	14	0
12/3/2016 10:23:40 PM	46.1	30.6	721	717	43.1	6	14	0
12/3/2016 10:23:40 PM	45.7	32.8	717	720	44.7	6	14	0
12/3/2016 10:23:40 PM	45.4	31	717	716	43.2	6	14	0
12/3/2016 10:23:40 PM	46.7	29	717	716	40.2	6	14	0
12/3/2016 10:23:40 PM	46.4	31.2	712	713	42.8	6	14	0
12/3/2016 10:23:40 PM	46.7	33.2	721	721	45.5	6	14	0
12/3/2016 10:23:40 PM	46.1	31.6	716	716	42.4	6	14	0
12/3/2016 10:23:40 PM	46.3	32	716	716	44.9	6	14	0
12/3/2016 10:23:41 PM	46.2	34.8	721	721	45.4	6	14	0
12/3/2016 10:23:41 PM	46.1	35	724	725	48.8	6	14	0
12/3/2016 10:23:41 PM	47.2	33.8	725	725	44.6	6	14	0
12/3/2016 10:23:41 PM	46.6	31.2	721	721	42.7	6	14	0
12/3/2016 10:23:41 PM	46.2	32.8	721	721	45.4	6	14	0
12/3/2016 10:23:41 PM	46.2	34.6	725	725	46.6	6	14	0
12/3/2016 10:23:41 PM	46.5	33.6	725	725	45.7	6	14	0
12/3/2016 10:23:42 PM	47.2	32	721	721	41	6	14	0
12/3/2016 10:23:42 PM	46.5	32.6	721	721	45.4	6	14	0
12/3/2016 10:23:42 PM	45.8	31.8	725	725	44.1	6	14	0
12/3/2016 10:23:42 PM	47.3	33.4	721	721	44.6	6	14	0
12/3/2016 10:23:42 PM	45.5	31	716	718	42.6	6	14	0
12/3/2016 10:23:42 PM	46.9	28.6	713	713	40.1	6	14	0
12/3/2016 10:23:42 PM	45.7	29	717	716	42.7	6	15	0
12/3/2016 10:23:42 PM	47.2	30	717	716	41.6	6	14	0
12/3/2016 10:23:43 PM	46.5	30.4	716	716	42.7	6	14	0
12/3/2016 10:23:43 PM	47.7	28.8	713	713	42.3	6	14	0
12/3/2016 10:23:43 PM	46.5	29.8	716	716	42.1	6	14	0
12/3/2016 10:23:43 PM	46.4	31	712	714	42.6	6	14	0
12/3/2016 10:23:43 PM	46.7	28.2	708	710	40.8	6	14	0
12/3/2016 10:23:43 PM	47.2	27.6	708	708	40.9	6	14	0
12/3/2016 10:23:43 PM	46.1	29.4	712	710	42.7	6	14	0
12/3/2016 10:23:43 PM	47.6	31.8	712	712	42.9	6	14	0
12/3/2016 10:23:44 PM	46	29	708	710	41.4	6	14	0
12/3/2016 10:23:44 PM	47.1	28.8	708	708	40.9	6	14	0
12/3/2016 10:23:44 PM	46.4	31.2	709	709	44.1	6	14	0
12/3/2016 10:23:44 PM	47.1	32	716	715	44.7	6	14	0
12/3/2016 10:23:44 PM	46.5	29.8	712	712	41.8	6	14	0
12/3/2016 10:23:44 PM	47.8	31	712	712	44.3	6	14	0
12/3/2016 10:23:44 PM	47.3	30.6	713	712	43.5	6	14	0
12/3/2016 10:23:45 PM	46.9	31.8	717	716	45.5	6	14	0
12/3/2016 10:23:45 PM	46.6	30.4	713	712	41.8	6	14	0
12/3/2016 10:23:45 PM	47.4	29.8	713	712	43.8	6	14	0
12/3/2016 10:23:45 PM	46.3	31.6	716	716	46.3	6	14	0
12/3/2016 10:23:45 PM	46.5	32.6	716	716	45.2	7	14	0
12/3/2016 10:23:45 PM	46.9	34	721	721	46.6	6	14	0
12/3/2016 10:23:45 PM	47.2	32	721	721	44.9	6	14	0
12/3/2016 10:23:45 PM	46.1	34.8	722	721	49	6	14	0
12/3/2016 10:23:46 PM	46.2	35.4	730	729	50.7	6	14	0
12/3/2016 10:23:46 PM	46.7	36.2	730	730	50.4	6	14	0
12/3/2016 10:23:46 PM	46.7	33.8	730	730	47.7	6	14	0
12/3/2016 10:23:46 PM	46.9	35.2	729	729	49.1	6	14	0
12/3/2016 10:23:46 PM	46.6	37	737	735	51.6	6	14	0
12/3/2016 10:23:46 PM	46.1	38.6	737	736	52.1	6	14	0
12/3/2016 10:23:46 PM	46	38	737	737	52.1	6	14	0
12/3/2016 10:23:46 PM	45.7	36	737	737	50.4	7	15	0
12/3/2016 10:23:47 PM	46.9	38.6	743	742	52	6	14	0
12/3/2016 10:23:47 PM	45.3	38.8	746	746	51.4	7	15	0
